0	17.713556959888525	0.5420913507575965	933.6984373308528	0.546976619050349	9.30546	3.3424414328882817	3.9162425671847894	1.4677691695594974	0.5878007276632451	-0.050031975514152505	0.6493338778576969	-0.2561170786795708	2.1924517392331744	2.5334578693831276	3.8055116594680425	-1.0943577572568568	-0.6727107905176433	-2.9310179127301668	-3.462968213087068	0.36573738329757655	-0.9992441706555046	-0.8251935108679633	-1.952104935165167	-1.4296442338317825	-2.904468092798539	-0.766991588911781	0.9068225848121626	0.8107501200860872	2.558033868623318	1.6441368695301015
1	19.837857413793653	0.6314137765758172	4940.064534411522	0.5920490523357939	9.704189	15.101871648361552	16.08118250291281	9.648574228410126	9.09259330815856	-0.050031975514152505	0.6493338778576969	-0.2561170786795708	12.194840328969146	14.752680811729292	16.98034759811934	3.256357953980939	4.112510928130986	0.9777532874829955	0.5033164511515618	0.36573738329757655	-0.9992441706555046	-0.8251935108679633	2.8859280777513465	3.275069861955872	4.206622193480578	12.400209508050393	19.08901472500581	18.18783083770628	20.363869527688472	18.965792204033097
2	20.521719451122603	0.6483254180119671	11333.917565998549	0.5700997504587474	9.359879	39.62293982442915	41.8657976361969	29.737353698560213	29.99237046155139	-0.050031975514152505	0.6493338778576969	-0.2561170786795708	35.62143612674657	39.701578004491694	45.151404018074466	16.69587664870268	25.047210903501025	16.27956968639045	16.130812131708918	0.36573738329757655	-0.9992441706555046	-0.8251935108679633	19.540411029326435	16.589546220045737	27.818950830961402	42.777102773255194	58.62446451670985	55.79123207160951	57.45716586826635	56.23839633322723
3	19.788477934777703	0.6145515423525912	10027.87319467439	0.5707883322014836	9.406594	61.75144042309421	65.50311723767547	45.521385715296255	46.70561240219537	-0.050031975514152505	0.6493338778576969	-0.2561170786795708	54.71574320599345	61.64440376082564	69.6351861277289	27.63631857488061	42.1865024503179	28.771762806949	28.893826161531322	0.36573738329757655	-0.9992441706555046	-0.8251935108679633	33.204701393070856	27.543055407023914	47.59202055933335	70.76153183714419	94.73462725692104	90.53129581369781	91.45320484599662	90.20437181249689
4	19.689205078395133	0.607129194427855	8162.015683603224	0.5723867578754168	9.398616	78.66732093746509	83.72266615259599	57.857220144285016	59.85124249103884	-0.050031975514152505	0.6493338778576969	-0.2561170786795708	69.68345807580215	78.48428701516033	88.70232859428052	38.29396091105445	57.953282933697636	40.37685844455456	40.740638970237654	0.36573738329757655	-0.9992441706555046	-0.8251935108679633	45.76686782026645	38.077894553918604	65.51395217536655	93.08083861973776	123.64681732105106	118.27193973906832	118.96469877011029	117.77102401272094
5	19.490447459992087	0.5994399396716709	7430.411884835932	0.5683874503392219	9.401874	95.72215175701265	101.9983405811244	70.18499557653178	72.93165864111205	-0.050031975514152505	0.6493338778576969	-0.2561170786795708	84.87489125869155	95.62461536807736	108.31455064070076	45.5924003967666	69.92210652579035	48.15637650493749	48.722515430189944	0.36573738329757655	-0.9992441706555046	-0.8251935108679633	54.413376746998296	45.404506494090874	78.28137372815698	113.52943214949518	150.16098899115852	144.09476303285044	144.0300170971075	142.98052970697643
6	19.303676812270545	0.5956792647673553	6309.156689990419	0.5704180739387058	9.393143	109.42936453666576	116.51720864082894	79.19637625658618	82.48016979465852	-0.050031975514152505	0.6493338778576969	-0.2561170786795708	96.21556759076053	109.66995345330113	123.74509452726777	54.93355467825779	82.9360010958121	57.38563023667055	58.117119805981716	0.36573738329757655	-0.9992441706555046	-0.8251935108679633	64.12175347734112	54.43057808766295	91.08299245630766	130.4717159475342	172.31252877412177	165.07692412604504	164.7259374262179	163.70571224025016
7	19.24387944707862	0.5903073066980894	6287.723334242266	0.5703940372797539	9.470308	123.04088709711075	131.4258448478316	90.08245456203082	93.9053593961733	-0.050031975514152505	0.6493338778576969	-0.2561170786795708	109.13253714838255	123.41724772846521	139.98494688871025	61.95063561526329	93.74503315016234	65.49607579961878	66.4039143388372	0.36573738329757655	-0.9992441706555046	-0.8251935108679633	72.75523586330011	61.29797903347114	102.73849064746167	147.53372773168516	194.5652935803257	186.4138219058614	185.56833978519913	184.76169369761269
8	19.365856292593946	0.5946843743308318	5895.614129636442	0.5705774520045425	9.446798	136.00264431514717	145.1413351302432	99.11940799235192	103.52381195582066	-0.050031975514152505	0.6493338778576969	-0.2561170786795708	120.15797540380427	136.26598464005613	154.26836225909818	69.89906010344133	105.123236945699	72.0188506983412	73.08946919150941	0.36573738329757655	-0.9992441706555046	-0.8251935108679633	79.82152337035396	68.95535228439647	113.34516292507803	163.795866866947	215.52756275560125	206.97580348221385	205.84811352047478	205.15692927504747
9	19.23384696053589	0.586298918558622	5595.724457983852	0.570647648329319	9.501817	148.75195306859533	158.765143172984	108.50419362586436	113.39548274414184	-0.050031975514152505	0.6493338778576969	-0.2561170786795708	131.37835913396086	149.13732014514386	168.7914941816743	75.52500834183812	114.0698320274993	78.25442308051777	79.47526826870383	0.36573738329757655	-0.9992441706555046	-0.8251935108679633	86.54923237824681	74.37548283043012	122.99220155014204	178.99029391060705	235.35415137970247	226.57500122679645	224.9015545586184	224.2582690580065
10	19.031602083419926	0.5799011379722447	5251.493576801237	0.5713130760704629	9.492255	160.17283987686403	170.94340458937174	116.95848760299856	122.3311829717629	-0.050031975514152505	0.6493338778576969	-0.2561170786795708	141.7879616773904	160.7841319561238	182.18916123713575	80.63229379879056	121.65993665503815	84.06083024593035	85.40145214073941	0.36573738329757655	-0.9992441706555046	-0.8251935108679633	92.93695498394707	79.51932269346933	131.99776107526532	193.85844818365814	254.48936140070685	245.09075937530122	243.28931450636802	242.56654207085066
iterations terminate with max limit of iteration steps reached
total 149s used
