1.51122
0.739714
0.739714
0.739714
1.03241
0.739714
0.739714
1.15033
0.753596
0.739714
1.45449
0.739714
0.739714
1.21228
1.31231
1.34375
1.27852
2.08482
1.24611
0.963896
0.750806
0.990478
1.25847
1.06024
0.739714
1.33874
0.739714
0.739714
0.764286
0.750806
1.79326
0.739714
0.739714
1.29019
0.827756
0.753596
0.739714
0.739714
0.736957
0.739714
0.739714
0.739714
1.30637
0.739714
0.739714
0.794007
0.847961
0.739714
0.957377
0.867822
0.753596
0.97775
0.824834
1.05011
0.848277
0.750806
0.867822
0.739714
0.841451
0.739714
0.764791
0.739714
0.725287
1.26417
1.08067
0.739714
0.753596
0.753596
1.27245
0.739714
0.739714
0.72438
1.76072
0.739714
0.937425
0.739714
0.739714
0.739714
0.739714
0.873951
1.36785
1.26673
1.38112
0.739714
0.739714
0.903374
0.841451
1.2926
0.739714
1.24679
1.40019
0.739714
0.869572
1.07989
0.76234
0.874729
1.38072
1.31077
0.749763
1.03425
1.79326
0.982769
0.739714
0.753596
0.95394
1.18454
1.20176
1.13127
1.14416
1.29719
0.739714
1.18426
1.30712
1.24208
0.739714
1.22492
1.28135
1.12215
1.25423
1.15098
0.80104
1.11088
0.898011
0.948789
1.25423
1.08804
0.79825
0.739714
1.15535
1.18426
0.99665
1.20128
1.02945
0.996234
1.02355
0.894913
1.15969
1.25479
1.96495
0.753596
0.978424
1.2812
1.13879
1.09669
1.04235
1.54633
0.753596
1.10078
1.37541
1.64678
1.34713
0.739714
0.951905
1.22622
1.11057
0.754132
1.58822
0.739714
1.4291
1.24754
0.916141
0.908795
1.15098
1.3569
0.739714
0.753596
0.739714
1.00522
0.991677
0.739714
0.739714
1.25465
0.739714
1.03636
1.22751
1.14147
1.21822
1.34156
1.38603
0.894913
1.16111
0.739714
0.995384
1.13865
1.15801
1.78139
0.82218
1.04293
0.753596
1.64678
1.15098
1.63109
0.739714
0.956239
1.14416
0.739714
1.02302
0.995949
0.877726
0.739714
0.739714
0.83354
1.65216
0.846484
0.753596
1.62495
0.930405
1.36809
0.975821
0.951399
0.79825
1.11088
0.894913
1.25946
1.29221
1.77534
1.65762
1.19896
0.877726
0.739714
0.739714
1.0898
1.07592
0.739714
0.739714
0.983377
1.11961
1.15098
0.794007
0.832954
0.753596
1.32439
1.09669
0.79825
1.68638
1.15535
0.739714
0.739714
1.02994
0.739714
0.739714
0.739714
0.982769
0.988062
1.47042
1.38545
1.17916
1.47972
0.739714
1.63109
0.739714
1.09669
1.60359
0.739714
1.38603
0.739714
1.24323
0.739714
1.20901
0.79825
1.23293
1.15963
1.0731
0.739714
1.03554
1.18454
1.15257
1.27833
1.32916
1.1223
1.15098
2.08482
1.28194
1.29786
0.984282
1.09669
1.96495
0.80104
1.21625
0.753596
1.57287
0.80104
0.841451
0.948789
1.07563
0.949206
0.753596
1.11088
1.35714
1.38094
1.39621
0.739714
1.37223
1.26865
1.2591
0.909019
1.38545
1.11738
0.80104
0.739714
1.03241
1.17078
1.21625
1.21333
0.79825
1.23608
0.739714
0.80104
1.23293
1.36891
0.739714
1.12501
1.38545
0.739714
0.739714
0.739714
0.739714
0.739714
0.972664
0.739714
1.62912
1.31916
1.17506
0.739714
1.14147
1.25479
1.32571
0.753596
1.14789
0.995949
1.13218
1.27451
1.40418
0.753596
0.80104
0.739714
1.01486
1.1765
1.10109
0.739714
1.26361
1.27682
2.03846
1.18454
1.08804
1.2435
0.841451
0.786873
1.27975
1.20651
1.17603
0.739714
0.739714
1.00588
0.943701
0.753596
0.739714
0.77132
0.81173
1.25498
1.13725
1.09669
1.22751
1.05053
0.739714
0.739714
0.948789
0.79825
0.739714
1.45563
0.977082
0.739714
0.739714
1.15098
0.739714
0.739714
0.739714
1.12677
0.753596
0.739714
0.991677
1.11791
1.15234
0.972979
1.01701
1.28135
0.753596
0.867822
0.753596
0.858454
1.00226
1.05117
0.94376
1.02825
0.753596
1.18785
0.794007
0.921396
1.02256
1.20334
0.841451
0.841451
0.860242
0.760703
0.921396
0.950875
0.808484
1.11913
1.24594
1.03434
1.28206
0.8029
1.31285
1.10668
1.23994
0.94343
0.975111
0.72419
1.30404
1.20761
1.09209
0.841451
1.2155
1.3556
0.860787
0.940186
0.780821
0.826977
1.03208
0.841451
0.921864
1.11207
0.818942
0.835095
1.11381
0.807428
0.927095
1.119
0.795609
1.30002
0.972903
1.15272
1.35546
0.867694
1.23804
0.824331
1.32358
0.75939
0.808484
1.14038
1.28217
0.874729
1.22758
0.901548
1.13099
1.00345
0.776818
1.12416
1.18499
1.03673
1.21402
0.806056
1.34829
1.33815
0.718464
0.808407
1.25059
0.940654
0.826522
0.794007
0.874422
0.812236
0.976708
0.753911
0.888971
1.19787
0.859622
1.29429
0.841451
0.75056
0.841451
1.18099
2.0334
0.841451
0.917994
0.753596
1.24612
2.08755
1.48515
1.11467
1.19958
0.874729
0.841451
1.07044
1.20706
0.783581
1.27026
1.20001
1.12436
0.978381
0.825251
1.3273
0.841451
0.826477
0.841451
0.88977
0.826218
0.77287
0.841451
0.794007
1.64394
1.36577
0.832609
1.32432
1.16869
1.26551
0.850859
1.04205
1.35646
1.30865
1.06046
1.14867
0.840537
0.792764
1.95392
1.13877
0.841451
0.874729
0.974788
1.02415
0.921396
0.988887
0.841451
1.17458
1.23124
1.11926
1.19036
0.997141
1.5617
0.739714
0.753596
1.10768
1.23663
1.02992
1.41289
1.22452
0.807881
0.753596
1.13712
0.959781
1.50602
1.03066
1.92857
1.12261
0.739714
1.35176
0.739714
0.841451
0.841451
0.821763
1.0627
1.17501
1.57227
0.988536
1.21157
0.841451
1.10138
0.841451
1.18473
0.739714
2.06774
0.739714
1.21893
1.38378
1.12416
0.921396
0.935637
1.2716
1.01462
1.04324
0.698546
1.06365
1.0898
0.955285
0.841451
0.739714
1.10768
0.807881
0.821763
1.21753
0.886515
0.739714
0.778763
1.0725
1.43203
0.819783
0.739714
1.35891
1.30544
1.43529
0.78075
1.03323
0.873708
1.0627
0.927112
1.0725
1.55076
0.923425
1.38106
0.753596
0.739714
0.895737
0.821763
1.25669
0.807881
0.841451
1.11651
0.899918
0.914701
0.8527
0.988252
0.739714
1.21094
0.988252
0.821763
0.926926
0.739714
0.739714
0.80104
0.778546
0.909618
1.36917
0.753596
1.24252
1.22749
1.37795
0.739714
0.739714
1.10138
1.19036
1.42684
1.82455
1.04882
1.0792
1.15828
1.4604
0.860932
1.59497
1.05075
1.0627
1.40582
0.868891
1.08867
1.12416
0.940808
0.974371
1.0627
0.926926
0.794007
1.09203
0.821763
0.739714
0.837646
0.972112
1.39346
1.26005
0.739714
0.867822
1.30408
0.739714
0.945531
0.821763
1.21893
0.894645
1.17746
1.47572
1.15109
0.92741
0.821763
0.841451
1.5492
0.862174
1.1645
1.51624
0.753596
0.888971
0.805036
1.54064
1.09833
0.753596
0.888971
0.917491
0.739714
1.01364
1.67322
0.988252
0.909618
0.739714
0.833855
1.0898
1.4005
0.988252
0.940808
1.18605
1.15109
1.20109
0.753596
0.794007
0.739714
1.46021
1.06009
1.14969
0.892024
1.22442
0.841451
0.891316
1.20352
0.666055
1.35484
1.41645
1.03577
0.841451
0.959781
0.996842
0.953453
0.988252
1.11796
0.799605
0.753596
1.06798
1.07672
1.68037
1.79021
0.887306
1.55628
1.84163
1.27206
0.930103
1.06094
0.739714
0.980662
1.18564
1.11217
0.841451
1.35916
1.64394
1.10123
1.56832
0.920085
0.818348
1.53462
1.38594
1.46079
1.93336
1.19083
1.46607
1.68007
0.835665
1.07592
0.739714
1.09495
1.04324
1.22988
0.872641
1.48294
1.20988
1.18138
0.841451
0.753911
1.33429
0.94717
0.753596
1.0824
1.39066
1.59016
1.75404
1.15574
1.08775
1.0822
0.980662
1.00226
1.30721
1.58034
0.794478
1.2181
0.841451
1.52685
1.05668
0.964205
1.07592
0.90639
1.24151
1.15214
0.988268
0.859574
0.887118
1.73515
1.39209
1.01694
1.23397
1.68604
1.10105
1.07672
1.1052
0.998981
0.739714
1.33237
1.26984
2.03846
0.812236
1.27206
0.899342
1.46333
1.15672
0.794007
0.841451
0.739714
0.920721
1.52736
1.36495
0.841451
1.70495
1.60657
1.3832
1.43612
0.818348
1.52685
0.841451
0.841451
0.885945
0.841451
1.07592
0.920085
1.03744
1.39951
1.40793
1.2181
0.934694
1.08825
0.794007
1.2181
0.818348
1.03744
1.00226
0.920085
1.37596
1.61588
0.920085
0.753596
1.20648
1.12498
0.841451
1.2567
0.841451
1.22652
0.818348
1.43407
0.739714
1.0822
2.03846
0.935324
0.843425
1.21012
1.08513
0.75939
1.37778
1.12551
0.818348
0.753596
0.841451
1.05873
1.11028
0.753596
1.37794
1.20929
0.977722
0.739714
1.2128
1.01322
1.20938
0.739714
0.739714
1.58359
1.58096
1.3129
1.32881
0.739714
1.19213
1.30228
0.739714
0.739714
2.0296
1.24594
0.79825
1.87313
1.11732
1.01899
0.739714
1.27339
2.0334
1.15704
1.50365
0.739714
1.24594
1.13286
0.739714
1.2128
1.31439
1.279
0.739714
0.739714
1.60673
1.60079
0.848115
0.739714
1.04274
1.02877
1.77047
0.739714
1.26909
1.60079
1.72618
1.5489
0.739714
1.20558
1.1482
1.51899
0.739714
1.14528
1.2128
1.1482
1.51899
1.5276
1.2128
1.78969
0.739714
1.52005
1.60079
1.51899
1.51899
1.02877
1.15681
1.30549
1.1482
1.24834
1.52005
1.02877
1.51899
1.02877
1.15704
1.02877
1.15681
1.19347
1.02877
1.77047
1.60079
1.53402
1.30228
1.18285
1.2128
1.1482
0.739714
0.79825
1.51899
1.34064
0.927591
1.3129
1.02877
1.19166
1.60079
0.739714
1.02818
1.09337
1.37013
0.739714
1.01342
1.16217
1.34064
1.48967
1.53187
0.958926
1.51899
1.1482
0.739714
1.1482
1.55798
1.19883
1.3253
1.51899
1.1482
1.2128
0.739714
1.19178
1.27161
1.34064
1.12651
1.51899
1.90421
1.53187
1.1482
1.60079
1.20558
1.27376
1.34064
1.1482
1.51899
1.20938
0.739714
0.739714
0.841451
1.34062
0.938048
1.269
0.840023
0.841451
0.739714
1.53717
1.15797
1.16872
1.21073
1.19591
1.31277
1.2309
1.22832
0.805036
1.24642
0.739714
1.20588
1.9502
1.34062
1.28252
1.36699
1.23719
0.739714
1.81111
1.35654
1.15604
0.964262
1.3109
1.35717
1.41868
1.19591
1.1297
0.770535
1.16872
0.794007
1.39085
1.25469
1.06885
2.08482
1.19844
1.42498
1.19844
2.08482
1.13869
1.34985
1.8151
1.23644
1.35763
1.88226
1.2116
0.739714
0.81173
0.770535
0.687496
1.23362
1.02038
1.17059
0.794007
1.23056
1.27839
0.739714
1.12648
1.21648
1.65234
0.909287
1.87669
1.87669
0.739714
1.41204
0.739714
1.06705
0.816012
0.911863
0.868943
0.750909
1.51323
1.02819
1.40161
1.44243
0.739714
1.41098
1.46333
1.18473
0.855151
0.779033
1.08235
0.794007
1.30754
1.16406
1.0696
1.03568
0.739714
0.777433
1.06789
0.913063
0.841451
0.969285
0.739714
1.19867
0.833855
0.796757
0.780125
0.953023
1.59996
1.28162
1.559
0.906944
0.923206
1.06951
1.87259
0.739714
1.47737
0.824812
0.739714
1.53684
1.39354
0.753596
0.96906
1.13522
1.07096
1.42978
0.826477
1.04192
0.960025
0.739714
0.739714
1.0196
1.66102
1.21668
1.2181
0.841451
0.919458
1.67775
1.31885
1.13868
1.2181
1.49001
1.36707
0.739714
1.0075
1.46333
0.919458
0.995406
1.00149
1.08936
0.739714
1.21856
0.739714
0.739714
0.780125
1.00622
0.739714
1.56855
0.739714
1.44172
1.08402
1.43093
0.95712
1.13522
1.02243
0.97227
0.841451
1.63512
0.739714
1.25604
0.841451
1.47349
0.739714
0.750909
0.956637
0.854028
0.710498
1.13366
0.739714
0.944535
0.739714
0.794007
0.739714
1.41484
1.39951
1.37773
1.33383
1.48155
0.826477
1.66295
1.0075
0.739714
1.15643
1.24275
0.886528
0.780125
0.739714
0.944115
1.43093
0.764791
0.894843
1.42595
1.06847
1.05951
1.0231
0.805682
1.08282
1.17723
1.23811
0.888426
0.821747
1.31078
1.04192
1.0212
1.30973
0.739714
0.739714
1.11846
0.84693
0.739714
0.739714
1.47418
0.739714
0.809445
0.739714
1.74909
0.739714
1.92683
0.903945
0.986634
0.753596
1.46415
0.739714
0.739714
0.739714
1.50035
1.18053
1.05231
1.03012
0.863322
1.0828
0.739714
0.739714
1.10446
1.74909
1.07511
1.4671
1.97504
1.20846
2.00534
1.27224
0.921396
0.710498
1.74374
1.11321
0.739714
1.10354
1.01122
0.974058
1.07672
1.43093
0.794007
0.863322
0.903945
1.20408
0.974058
0.739714
1.09782
0.919347
1.71254
1.15744
1.02324
0.710498
1.01844
0.739714
0.739714
0.739714
1.28565
0.739714
0.841451
0.841451
1.05072
0.919115
1.30207
1.18666
0.739714
0.739714
1.00327
1.16752
1.13637
1.22042
0.739714
0.933088
1.07422
0.877726
1.34165
1.07672
0.739714
0.794007
0.739714
1.54675
0.92741
1.20776
0.739714
1.09621
0.739714
0.863322
0.753596
1.18117
0.900421
0.809445
1.14004
1.45018
1.02243
0.739714
1.12257
0.739714
0.841451
0.85481
0.753596
0.794007
1.46415
1.73883
0.841451
1.36279
0.963204
0.874729
1.38885
0.739714
0.753596
1.19091
1.0475
0.999583
1.45105
0.903945
0.903945
0.933088
0.794007
0.929637
0.877726
0.753596
1.18709
1.01603
1.17529
0.909077
0.948981
0.924689
1.1487
1.30557
0.739714
1.06506
0.991074
0.739714
1.63642
0.841451
1.44481
1.04687
1.47955
1.03441
0.960505
1.14385
1.02671
0.841451
1.44359
1.35683
1.52047
1.38923
0.993244
1.45302
1.25084
1.58157
1.50068
1.80706
1.45438
1.62823
0.970611
0.753596
1.30738
1.31134
1.64314
0.867694
1.62337
1.58157
1.47409
1.48128
0.92741
0.854028
1.40636
1.34069
1.18304
1.43825
1.13432
1.15133
1.00705
1.21173
0.841451
0.928409
0.982431
0.739714
1.11079
1.4104
0.920238
1.49571
0.841451
0.988887
1.06009
0.841451
0.841451
1.06396
1.19879
1.07936
1.30562
1.48679
1.54225
1.16145
1.11036
1.4998
1.46335
0.841451
1.21896
0.939519
1.03066
1.60901
1.56076
2.00635
1.31362
1.23525
1.30432
1.57818
1.50757
1.23848
1.51162
1.52756
1.28384
1.70488
1.38387
1.54403
1.44238
0.841451
0.775206
1.65178
1.00826
0.753596
1.48679
1.67555
1.38224
1.37482
1.21026
1.37853
0.867694
1.35147
1.47409
1.00429
0.943388
1.47142
0.841451
1.0361
1.09072
1.46824
1.09742
1.55055
1.44359
0.739714
1.2552
1.38948
0.806583
1.42225
1.48806
1.47358
1.04958
1.23448
1.58857
0.841451
1.01975
1.516
1.48666
1.48145
1.46918
1.25886
1.1084
1.00588
1.35665
1.34335
1.05107
0.953761
1.32992
0.903945
1.42677
1.51162
1.18868
0.841451
0.753596
1.00719
0.941534
0.969212
0.895442
1.48137
1.32219
0.794007
1.27294
0.981291
1.31033
1.34375
1.62871
1.56313
1.40031
1.5031
0.739714
0.739714
1.38655
1.42188
1.08292
1.18304
1.47
0.841451
1.48988
1.43094
1.16559
1.71967
1.13361
1.52261
1.51162
1.14156
0.988887
1.00429
1.49118
0.925366
0.739714
0.848115
0.841451
0.790883
1.34633
1.3269
0.841451
1.42827
0.906614
0.763929
1.19183
0.826477
0.763215
0.70641
1.64878
0.875218
0.791904
0.753596
0.64433
1.58004
0.753596
1.07131
0.903179
0.794007
1.20179
1.47381
0.710228
0.841451
1.02816
0.761054
0.806437
0.854028
1.67262
1.31552
1.05721
0.976333
1.14806
0.801598
1.16276
1.44405
0.88734
0.613466
1.03021
1.37951
0.794007
0.936689
1.25853
1.67272
0.751131
0.8787
1.27841
1.51477
0.581472
0.898439
0.862147
0.753596
0.867256
0.827299
1.33601
1.0759
0.954393
0.674097
1.16344
1.57881
0.79489
0.942091
0.827299
1.22067
1.356
0.71913
0.841451
0.753596
0.753596
1.48399
1.11599
0.841451
0.75939
1.86677
1.21442
0.848393
1.32805
0.827299
1.54403
0.939519
0.764286
0.792431
1.3602
0.717167
0.794007
0.848463
0.704039
0.704213
0.652534
0.743944
0.894843
0.968441
1.33877
0.891316
1.47002
1.46275
1.13526
1.37076
0.725562
1.96495
1.03785
1.45927
0.743988
0.826301
1.28997
0.665999
1.30559
1.16987
0.908918
0.753854
1.42361
1.23761
0.813132
0.854028
0.958515
1.25865
0.949397
0.94717
1.4251
0.841451
1.31089
1.13452
1.15937
1.46839
0.739714
0.665999
1.40946
1.58741
1.09952
1.49163
1.52057
0.799555
0.972798
0.607119
0.859607
1.44494
1.05234
0.933017
0.840304
1.30321
0.873548
0.738539
1.33601
0.918215
0.753596
0.918665
0.826672
0.739714
0.739714
0.973985
1.0786
0.797161
1.53241
1.53227
1.01503
1.32891
1.51913
1.01955
0.739714
1.7188
0.739714
1.06036
1.56482
0.739714
1.19815
0.901123
0.946532
0.840553
1.2828
0.772795
0.945094
1.21073
0.826672
1.00049
1.04803
0.906136
1.18193
1.15117
1.1412
1.38597
0.978381
1.24154
0.826672
0.739714
0.753596
1.27592
0.968625
1.02717
1.035
1.3147
0.979242
0.988887
0.753596
1.59718
0.918724
1.2828
1.22742
0.85559
2.06774
0.940215
1.02243
2.08755
1.38173
0.988887
0.984585
0.786566
0.753596
0.951219
1.49526
1.19736
1.34402
0.826672
0.9762
0.812797
0.739714
0.85313
1.24464
1.16766
1.10093
0.739714
0.752291
1.025
1.14854
1.26713
1.00758
1.17003
0.826672
0.826672
0.765271
1.80293
0.988887
1.82404
0.925238
1.48442
0.739714
1.69811
1.36222
1.11082
0.772795
1.16061
1.84436
1.38863
0.753596
0.753596
1.00103
1.59736
0.85313
1.48783
1.38411
1.03718
1.06276
0.901123
1.07154
1.2194
0.826672
1.59265
1.77235
0.826672
0.990532
0.758505
1.00122
1.53226
1.339
1.15092
1.36603
1.0215
0.739714
0.671445
1.46511
1.39324
0.901123
0.826672
0.752291
1.34354
1.38106
1.34605
0.901123
1.33294
0.739714
1.53717
1.72598
1.02699
1.26386
0.920306
1.33545
0.901082
1.07584
0.932506
1.26663
1.32891
0.753596
0.993161
0.753596
1.42634
1.63349
0.910588
0.840553
1.03368
1.02197
1.17709
1.05638
0.873548
1.47587
0.893541
1.47899
1.00327
1.11076
0.739714
1.08339
0.753596
1.16814
1.33217
1.093
1.15494
0.996424
1.30581
1.15041
0.954656
1.05712
1.22868
0.826908
1.1428
1.08641
1.14103
1.3166
0.753596
1.4449
1.67303
1.54344
1.04065
1.36917
0.880964
0.826672
1.58461
1.22806
1.38273
0.901123
0.673121
0.955416
0.969949
0.880964
0.753596
0.739714
0.980734
0.926857
1.45881
1.28685
1.36145
1.59375
0.723797
1.32587
1.94194
1.51225
1.01437
0.913186
1.26333
1.01498
1.07753
1.26234
1.13414
0.723797
1.61805
0.923798
1.21517
1.49765
0.826672
0.794007
0.984968
0.922642
0.826672
1.18343
1.32777
1.26025
1.48424
0.753596
0.840553
2.08755
0.997545
1.18931
1.37007
0.826672
0.739714
1.39761
0.826672
1.24154
1.07274
1.02505
0.986573
0.712788
1.05302
1.41408
1.0889
0.974568
1.69719
0.794007
1.40439
1.09688
1.44626
0.753596
1.58493
1.52659
1.27096
1.16533
1.01634
0.93399
1.65436
1.11076
1.04099
1.17696
1.03899
1.06909
0.994233
0.9781
0.796033
1.27424
2.05829
0.979925
1.04309
1.98478
1.76698
1.07627
1.03814
1.20432
1.56519
0.971754
1.19402
0.993746
1.854
1.2307
1.11918
0.898011
1.23429
1.08071
0.993161
1.11738
1.07344
1.08766
1.43251
1.35236
0.923206
1.36299
1.12498
1.09991
0.787189
0.981638
0.960505
1.0883
0.880049
0.841451
1.31007
1.31007
1.02795
0.962664
0.997315
1.11738
0.841451
0.94537
1.12498
1.26904
1.96989
1.64081
1.21774
1.30372
0.89399
1.12674
1.24313
1.20574
1.11684
1.04133
0.994233
0.841451
0.944115
1.00076
1.16114
1.04634
1.39676
1.31134
1.39717
1.0677
1.06385
0.925087
1.02241
0.775206
1.26642
1.28925
0.967799
0.970387
1.64752
1.21546
1.14719
1.03424
1.22491
1.01634
1.21471
0.973044
1.30178
1.11616
1.19324
1.21071
1.18493
1.08339
0.978963
1.9108
1.36544
1.34008
1.31636
1.20492
1.76983
1.88042
1.05533
0.920366
0.829158
1.03323
0.924215
1.16518
0.905905
0.983542
1.14527
0.94537
0.879803
1.3679
1.31971
0.867941
1.13945
0.98858
0.969142
0.966473
0.947841
1.12025
1.29821
1.34008
1.6346
1.31134
1.23702
1.13316
1.03047
1.13106
1.3619
0.960891
1.7237
0.908788
1.31134
1.54717
1.41404
1.60079
1.13367
0.841451
1.8307
1.10951
0.652174
1.31462
1.48233
1.05212
0.739714
0.625736
1.19566
1.05212
0.739714
0.739714
0.739714
0.739714
0.739714
0.739714
0.862865
0.739714
1.10812
1.07623
0.739714
0.739714
1.39457
0.739714
0.739714
0.739714
0.739714
1.04701
0.739714
0.739714
0.739714
0.739714
0.739714
0.739714
0.739714
0.821468
0.739714
1.06951
0.739714
1.64535
0.652174
1.08131
0.739714
0.739714
0.739714
0.739714
0.739714
0.821468
0.739714
0.739714
0.739714
0.739714
0.752291
0.739714
0.739714
0.739714
0.739714
1.17381
0.739714
1.69817
0.85481
1.34525
1.07919
1.4438
1.09165
1.01122
0.753596
0.98413
1.04538
1.34492
1.00465
0.873548
1.14284
1.09165
0.894843
0.81173
1.28512
0.81173
0.899427
1.26131
1.21239
1.02284
1.45822
1.0757
1.41161
1.24167
0.739714
1.37297
1.02243
1.05527
1.4438
1.4438
1.47418
1.44408
0.873548
1.0251
0.79825
1.13034
1.16366
0.910018
0.834301
1.20178
0.884795
1.47418
1.46695
1.29823
1.42243
0.809445
1.45822
0.894843
0.863322
1.51804
1.45822
1.08472
1.30279
1.17133
1.45815
0.739714
0.863322
1.19505
1.72853
1.3025
1.12337
1.5118
1.34896
0.998254
1.84691
1.078
1.24353
1.06528
0.951243
1.06912
1.15462
0.739714
1.05153
1.2249
1.07592
1.47151
1.01122
1.01014
1.08328
1.078
0.784538
1.32251
1.18252
1.52117
0.766172
0.894843
1.01125
1.33763
1.99137
1.11202
1.10284
0.739714
0.877203
1.46386
1.47201
0.9892
0.81173
1.08353
1.38438
1.2501
1.4438
1.07592
0.876773
1.40922
1.03434
1.2279
0.932559
1.35652
0.880622
0.739714
0.991898
1.09192
1.50051
0.939519
1.02243
1.08939
1.21928
1.02412
0.818348
1.45822
1.12657
1.27837
0.739714
0.877593
1.08907
1.40878
0.886326
1.09409
0.739714
0.861537
0.978417
1.10237
0.945686
1.59296
1.1951
1.31171
1.08693
0.753596
0.943461
1.22438
1.19051
1.26152
1.09123
1.39245
1.42816
0.710498
0.911258
0.941817
0.739714
1.34981
1.0938
1.01122
1.59899
1.66185
1.23383
0.86829
1.41494
0.976971
1.55219
1.26817
1.1336
1.18017
1.02361
1.03684
2.05829
1.43823
0.998098
1.23011
0.931489
0.821747
1.25817
0.936193
0.753596
0.753596
1.38655
1.43823
0.841451
1.24453
0.973556
1.13483
1.0356
1.31825
0.942603
1.38546
1.1336
1.19242
0.828236
0.993049
0.73231
0.921396
1.30552
0.739714
1.18473
1.25801
1.0205
1.04347
1.33205
1.32522
1.05735
1.25572
1.13099
1.29173
1.04274
1.14204
0.739714
1.28492
0.982078
1.00327
0.739714
1.05183
1.26405
1.11918
1.38115
0.780281
1.17488
1.38115
1.378
0.98296
1.00082
0.739714
1.32522
1.25801
1.36495
0.650994
1.00082
1.31825
0.753911
0.986656
1.09602
0.986656
1.49489
0.982522
0.841451
0.739714
1.00235
0.753596
1.03508
1.42711
1.36489
0.780791
1.25326
0.794007
1.14373
1.05058
1.03684
0.81173
1.17891
1.24453
1.11919
1.13099
0.919977
1.24453
1.38705
1.07672
0.739714
1.37786
0.739714
0.710931
1.34558
1.15053
0.794007
0.745014
1.04841
1.41774
1.218
1.37354
0.973103
1.17488
1.23148
1.11028
1.24453
1.24453
1.36575
1.08301
1.03684
1.03323
1.19275
0.843042
1.1853
1.35624
0.73507
1.00327
0.999921
1.06299
1.01496
1.05994
0.739714
0.745014
0.953255
1.22597
0.794007
0.975881
0.920181
0.794007
1.10446
1.00898
0.946347
1.26768
1.13988
0.836885
0.739714
1.4031
1.00232
1.29
1.03323
2.01405
0.739714
1.16712
1.40517
0.739714
1.24453
1.14955
0.761991
0.794007
0.903945
1.34234
0.833855
1.01728
0.894224
0.94717
1.4983
1.47675
0.900379
0.913419
0.841451
0.753596
1.00286
0.972902
0.82218
0.901865
0.753596
1.56562
0.753596
1.23259
0.74634
1.25516
0.739714
1.45909
1.36891
0.808484
0.72419
0.753596
0.794007
1.36002
1.12351
0.739714
0.694974
1.39886
0.775206
0.74634
1.87074
1.07748
1.05366
0.850951
1.66391
0.841451
0.734232
1.2639
1.96222
0.739714
0.841451
1.28292
0.841451
0.946437
0.92741
0.891022
0.792471
1.37155
1.51669
0.967682
0.794007
0.867838
0.804134
1.53855
0.739714
1.76873
0.827088
0.98296
0.833855
0.9034
1.30337
0.779033
0.982524
0.953801
0.758999
0.987336
1.28304
0.978258
0.794007
0.967682
0.739714
1.45909
1.01007
0.833855
0.739714
0.834757
1.49714
1.20128
0.885848
1.52644
0.758096
1.4983
0.739714
0.739714
1.44939
1.41426
1.34802
0.754005
1.05986
0.965285
0.900776
0.739714
1.04458
0.775206
0.841451
1.1995
1.36165
0.834757
0.948598
0.862174
1.38454
1.21038
1.14953
1.16226
1.87091
0.930722
0.677364
1.24191
1.08403
0.794007
0.833855
0.841451
0.677364
1.36972
1.47722
1.48534
1.39886
1.33831
0.780281
1.21073
0.854028
1.03413
0.753596
1.28404
0.829639
0.841451
0.739714
0.739714
1.22014
1.19884
1.03413
0.753596
1.03687
1.19102
1.0239
0.80104
0.992882
1.08186
1.27728
0.839861
0.969763
1.24459
1.10665
0.739714
0.818348
1.17488
0.967272
1.10894
1.22325
1.29899
1.08776
1.07214
0.753596
1.07672
0.712017
1.24086
1.43917
0.739714
1.17108
1.11784
1.20648
1.02773
1.03709
1.24684
1.25817
1.20918
1.11516
0.794007
1.07119
1.0403
0.939519
1.0492
0.79322
1.22176
0.794007
1.11028
0.794007
1.08562
0.752291
1.15392
1.28725
1.14732
0.818348
0.907314
1.12416
0.753596
1.00327
1.15117
1.73837
1.278
1.47145
1.03631
1.34679
0.994987
1.15117
0.841451
1.09805
0.949397
0.739714
1.08562
1.16106
0.794007
1.10894
1.08135
1.61762
0.907256
0.949397
1.04423
0.953023
0.753596
1.85095
0.872641
1.27391
1.17537
1.02243
1.06008
1.22568
1.01689
0.739714
1.25817
1.09821
0.900405
1.07672
1.07892
1.00232
1.20918
1.43917
0.982025
0.893776
1.33217
0.916761
1.07672
1.19861
1.43917
0.960441
1.43917
1.16684
1.08135
1.25772
1.08562
1.09011
1.13593
0.794007
1.08562
0.993421
0.794007
1.47418
1.00327
1.33217
1.13786
0.753596
1.00465
0.862314
0.739714
0.996842
0.794007
1.11
1.02243
1.01189
1.0475
1.29958
0.739714
1.07753
0.780311
0.872641
1.1304
1.06787
1.04322
0.794007
0.906692
1.28246
1.1304
0.80646
0.794007
1.11954
1.14562
1.09821
0.933457
1.18836
1.00327
0.909762
1.08698
1.25817
1.03911
0.71071
1.13674
0.969448
0.990552
1.11475
0.991213
1.16716
0.739714
0.753596
0.892437
1.00327
1.07084
0.775206
0.739714
1.01242
0.780281
0.834757
0.739714
0.916522
1.22835
0.702008
0.992355
1.31059
1.18857
1.08496
1.08929
1.26247
1.09969
1.03387
0.975884
1.0759
0.739714
1.58648
1.07672
0.687351
0.982078
0.739714
0.888366
0.739714
0.972779
1.33142
0.739714
0.794007
0.706499
1.00141
0.79825
0.739714
0.778669
1.22452
1.25121
0.841451
1.07672
0.794007
1.11997
0.794007
1.05029
1.32413
0.801431
1.11599
1.35176
1.24169
1.16397
1.60604
1.18812
0.832545
0.753596
0.739714
1.08137
1.36849
0.91177
0.739714
1.15799
1.44208
0.794007
0.880065
0.894224
1.12158
0.71071
1.00409
1.17961
0.753596
1.10141
0.872641
0.753596
1.08601
0.753596
0.854028
0.970611
1.06365
0.970611
1.24098
0.777368
1.04026
0.775206
0.794007
0.739714
0.992112
0.866209
0.706466
1.08929
1.29465
0.727762
1.03387
1.16167
1.23001
1.4449
1.0472
0.881175
0.911588
0.739714
0.739714
0.739714
1.14246
1.11599
0.678793
1.1111
1.4449
1.60325
0.950809
0.979765
0.949449
1.12068
1.13248
0.9505
1.13694
1.80545
1.03662
1.11028
0.997594
0.916511
0.794007
0.811471
0.872641
1.24473
1.71632
1.07936
0.981619
1.05072
0.961088
1.07672
0.841451
1.0789
0.787312
1.20006
1.3736
1.39622
0.741116
0.739714
1.30716
1.57325
1.27534
1.50538
0.800832
1.34333
0.739714
1.09181
0.739714
1.61226
1.23916
0.739714
1.50538
1.62614
1.39622
0.739714
0.983005
1.09181
1.34052
0.774302
1.35813
1.72187
0.800832
0.741116
1.03892
0.753596
1.27534
0.739714
1.3838
0.820377
0.739714
0.739714
0.739714
0.739714
1.31107
1.09181
0.800832
1.57325
0.739714
1.25211
1.34617
1.07793
1.02451
1.172
1.02288
0.739714
0.794007
0.739714
1.46921
1.66155
0.903167
0.794007
1.34333
1.4159
0.896472
0.903167
1.34193
0.739714
0.753596
0.739714
0.739714
1.30576
0.753596
0.800832
0.836922
1.18656
0.732837
1.14454
0.739714
0.767587
1.34333
0.739714
0.774302
1.14295
1.38234
1.56497
0.739714
1.39622
0.903167
1.50538
1.36005
1.7353
1.57325
0.739714
0.739714
0.739714
1.11149
1.17986
1.58627
1.09864
0.739714
1.09181
1.57325
0.739714
1.33363
1.0774
0.739714
0.813682
0.753596
0.739714
0.739714
0.795598
0.741116
0.800832
0.753596
1.09181
1.60644
1.43914
0.739714
1.54672
1.19428
0.813682
1.40305
1.11149
0.907513
0.739714
1.38234
1.19428
1.18656
1.38642
1.26817
1.34052
0.753596
0.903167
1.3698
1.33505
0.921396
1.08761
0.874729
1.44491
0.780281
0.841451
1.21146
0.969544
0.739714
0.996426
1.06407
1.02537
0.9632
0.739714
0.864006
1.07672
0.794007
0.841451
1.12632
1.14086
1.30747
1.19534
1.0515
1.13935
1.03684
0.739714
1.13935
1.13935
1.13284
0.966972
1.08548
1.34008
0.694195
0.841451
0.983739
0.88498
1.15386
0.929299
0.963448
1.00276
0.880398
1.13176
0.967037
1.09191
0.739714
0.952952
1.0515
0.739714
1.20846
1.61617
0.854028
1.05181
0.841451
0.996842
0.899446
1.3696
1.11965
0.739714
1.02817
1.08024
0.739714
1.11168
0.710743
0.753596
1.03762
1.41454
0.847214
0.753596
0.977082
1.39638
1.03762
1.32522
1.33511
1.03762
0.996426
0.841451
1.51201
1.16889
0.841451
0.753596
1.0515
0.932149
0.874729
0.753596
0.9737
0.9632
1.03762
1.03762
1.00333
1.68171
0.9632
1.08506
1.07803
0.771856
0.739714
1.29982
1.20411
0.780281
1.51626
0.959342
1.1827
1.45853
0.872711
0.921396
1.08008
1.34008
0.739714
0.918206
1.28492
0.802662
1.10522
0.739714
0.988268
0.983739
1.03762
0.887206
0.855151
0.87154
0.958515
1.03762
0.854028
1.00596
1.28725
1.11965
1.48973
0.963429
0.739714
0.841451
0.753596
0.764791
0.997621
0.9737
1.90421
1.30129
0.9632
0.739714
1.0515
0.808484
1.0173
0.969003
0.997621
0.983739
1.16752
1.04104
0.992078
1.37129
1.07204
1.2961
0.923613
0.739714
0.975308
0.739714
0.962679
1.09191
1.35008
1.77047
0.850526
1.09185
0.739714
0.76104
0.957717
0.739714
0.739714
0.753596
0.739714
0.753596
0.739714
0.739714
0.753596
1.18193
0.739744
0.739714
0.753596
0.96542
0.739714
0.739714
0.962671
1.11308
0.739714
0.766172
1.11738
0.739714
1.14412
0.995276
0.739714
0.739714
1.03854
0.76104
0.766172
0.948789
0.878195
0.989054
1.35081
0.992112
0.677251
0.739714
0.766172
0.739714
1.18454
0.739714
0.739714
0.900472
0.739714
0.687351
1.07161
1.18339
0.739714
1.01198
0.739714
1.03437
1.03364
0.739714
0.83354
0.739714
0.739714
0.739744
0.78641
1.00355
0.94717
0.998284
1.65941
0.753596
0.739714
1.27833
0.889103
0.739714
0.886261
1.92455
0.853745
0.739714
0.83535
0.739714
1.22627
0.766172
0.854028
0.78641
0.739714
0.962966
0.93579
1.16514
0.924439
0.995486
1.05053
0.971568
0.895223
1.04894
0.766172
0.739714
0.908795
0.739714
0.739714
1.16902
0.966205
0.753596
0.739714
0.841451
0.766172
0.739714
0.739714
0.739714
1.07161
0.894943
1.17803
0.766172
0.962262
0.739714
1.58
0.753596
0.948789
0.753596
0.78641
0.739714
0.739714
0.971568
0.739714
0.753596
0.710498
1.17081
0.76104
0.732837
0.739714
0.916522
0.8565
1.32395
0.677251
0.739714
0.739744
0.753596
0.726695
0.957337
0.766172
0.739714
0.739714
0.78641
1.00438
0.957717
0.753596
0.739714
0.739714
0.754132
1.23493
0.739714
0.739744
1.01566
1.04894
0.739744
0.739714
1.3245
0.780281
0.753596
0.78641
0.774302
0.753596
0.948789
0.908667
0.739714
0.9632
1.1105
1.04173
0.942358
0.739714
0.739714
0.753596
0.739714
0.739714
0.786873
0.739714
0.739714
0.739714
0.739714
0.766172
1.51362
0.739714
1.13394
1.06778
0.957687
0.739714
1.1679
0.948789
0.739714
0.677251
1.19255
0.942072
0.944667
0.739714
0.78641
0.957717
0.673121
0.794007
0.79945
0.957687
0.957687
0.938538
0.736957
0.739714
0.942358
0.866086
0.72438
1.00548
