1.29351
1.47664
0.800658
1.18628
0.822701
1.07398
0.69915
1.05873
1.15076
0.703384
1.21333
0.570008
1.05785
1.28027
1.36201
0.928221
0.936823
1.06475
0.883018
0.722374
0.818448
0.854104
0.625154
1.08365
1.29613
1.29535
0.633842
0.841974
0.741276
0.943007
0.678278
0.755472
0.577361
1.45104
0.817024
1.2359
1.28112
0.749918
1.31463
1.11564
1.25157
1.1742
0.994494
0.741276
1.13506
0.738067
0.800068
1.40221
0.923619
1.02481
1.08817
0.910471
0.962564
1.23871
0.652257
1.08058
0.699405
1.41465
0.550899
1.29044
0.847866
0.741276
1.34659
0.830864
1.01407
1.30401
1.3146
1.04022
1.31131
0.958768
1.28152
1.2244
1.29456
1.16251
1.3146
1.00678
1.28967
1.17986
1.07181
0.965054
0.842193
1.47865
0.847379
0.783838
1.0735
1.0423
0.916901
1.08109
0.934863
0.916901
1.82449
1.35426
0.921841
1.08481
0.524236
0.659027
1.09078
1.30529
1.10839
1.10261
0.881912
0.950432
0.896962
0.926672
1.49352
1.25354
1.18403
0.872982
1.11516
0.928608
1.11723
0.872857
1.02036
1.14969
0.943007
1.12121
1.27305
0.524236
1.08365
1.08481
1.15194
0.652257
1.35709
1.20458
1.0192
1.00534
1.33131
0.69915
0.804254
1.14969
1.13813
0.822701
0.979304
0.704239
1.91053
1.03052
0.856697
0.769385
1.26721
0.861816
1.82449
0.997629
0.733683
1.77185
0.788169
0.822701
0.603194
1.27331
1.33633
0.899874
0.733683
0.603194
1.45738
1.18429
0.902125
0.989472
0.610618
0.524236
0.733683
0.685443
1.13489
1.68547
1.37646
1.20667
1.53577
0.733683
1.18429
0.603194
0.685443
0.652257
0.733683
0.967087
0.902125
0.822701
0.652257
1.19018
0.974847
0.550899
1.06855
0.849001
1.65484
0.84675
1.2534
0.806973
1.34242
0.733683
1.55139
0.895991
0.925548
0.654642
1.33633
0.788169
0.524236
1.44539
1.33633
0.938649
0.652257
0.610618
0.899874
0.586859
0.807459
1.13489
1.49348
1.69722
0.66325
0.603194
0.685443
0.692212
0.610618
1.69722
0.822701
0.685443
0.822701
0.822701
0.603194
0.788169
0.733683
0.902125
0.69915
1.04587
0.93306
0.597526
0.524236
1.20028
0.685443
0.610618
0.822701
0.610618
0.831039
0.764271
0.650651
0.874709
0.733683
0.607844
1.04587
0.478702
0.524236
1.67362
1.5825
1.69722
0.699637
1.13489
0.524236
0.902125
0.603194
0.884163
0.967087
0.862255
1.13489
0.788169
0.508994
0.727158
0.705744
0.873388
0.524236
0.678355
0.524236
0.822701
0.524236
0.987132
0.597526
0.69915
1.56289
0.685443
0.597526
0.69915
1.54061
0.524236
0.597526
0.895991
1.13489
0.817443
0.977269
1.10035
0.524236
1.04587
0.884163
0.822701
1.33633
1.35541
0.524236
0.734169
0.985622
0.524236
0.676484
0.733683
0.603194
0.988893
1.5591
1.06855
0.603194
0.610618
1.13326
1.14485
1.18288
0.524236
1.33039
0.869715
1.09171
1.21283
1.25984
1.18288
0.656999
0.966909
1.22614
0.958505
0.888576
0.966909
1.01954
0.963697
0.920351
1.90151
1.17758
0.821345
0.524236
0.871271
1.33636
1.62709
1.25984
0.936174
0.778846
0.919189
1.43778
1.13426
0.524236
0.603194
1.05388
0.524236
0.849724
1.21722
1.09027
1.0297
0.724902
0.847037
1.01952
1.03459
0.791199
0.897792
1.42504
1.00125
0.820858
1.19218
1.02523
1.11383
0.96916
0.820858
1.05388
1.02523
1.11741
1.29418
0.882997
0.65091
0.645945
1.10145
1.13316
1.11376
0.550899
1.13579
1.75764
0.724902
0.524236
1.11376
0.899273
0.80624
0.806353
1.1426
1.00125
1.00896
0.766859
0.524236
1.21722
1.15936
1.06116
0.685443
1.03141
0.610618
0.896865
1.66153
0.896865
1.17647
0.809001
0.989062
0.577361
1.45918
1.15447
0.524236
1.05575
0.919189
1.5265
1.05272
0.971705
0.940526
1.04829
0.654642
1.18288
0.524236
0.524236
0.828208
0.610618
1.09027
1.03234
1.19155
0.724902
0.719064
1.11376
1.04317
0.671778
0.896865
1.1849
0.986811
0.671778
0.524236
0.828787
1.09657
1.14668
0.685443
0.671778
1.1445
1.07757
1.2534
0.586859
0.524236
1.10145
1.12113
0.524236
0.524236
1.07757
1.18513
1.13069
1.78827
0.820858
0.524236
0.896865
0.896865
0.524236
0.807151
0.524236
1.29526
0.524236
1.12849
0.524236
0.652257
0.767355
0.866065
0.524236
0.966909
0.724902
0.86774
0.75225
1.09657
1.06981
0.896865
1.09657
1.15314
0.870377
0.652257
0.69915
0.775539
0.84675
1.19072
0.84675
0.866065
0.800045
0.524236
0.524236
0.761289
0.896865
0.949989
0.803166
0.603194
0.86774
0.866065
1.60353
1.82449
0.603194
0.645945
0.821345
0.89617
1.09027
1.13091
0.524236
0.524236
0.951494
1.02745
1.09867
1.07757
1.36741
0.524236
0.524236
1.19926
0.755472
1.08058
1.82449
1.07757
0.896865
0.896865
1.01014
0.79851
1.13091
0.524236
0.857754
0.851634
0.707209
0.885256
1.02745
0.724902
0.617725
1.00153
0.875165
1.04317
1.12934
0.811926
0.524236
0.873958
1.28123
0.865341
0.95436
1.12849
0.966909
0.803888
1.07757
1.60353
1.53534
0.896865
0.603194
0.718619
0.577361
0.986811
1.06692
1.32275
0.699637
1.32233
0.763651
0.568661
0.875254
0.659027
1.37382
0.865828
0.896962
0.755472
0.577361
0.806655
0.488828
1.03931
0.847866
1.02179
0.983781
0.806109
0.950835
0.817102
0.577361
0.952675
0.620109
0.577361
0.577361
0.75305
0.971983
0.568661
1.07293
0.603194
0.842069
0.817102
0.739761
0.603194
1.05016
0.987546
0.603194
1.02745
0.872691
0.817102
0.90612
1.11378
0.603194
0.84675
0.871129
0.896962
0.689292
0.899014
0.755472
1.09657
0.577361
1.11516
1.30373
1.04653
1.11311
0.524236
1.16825
0.90865
0.63949
0.972134
0.84675
0.603194
0.659027
0.577361
0.524236
0.769385
0.524236
0.88168
0.84602
0.84675
0.817102
1.09657
0.666379
0.855483
0.95436
1.07293
0.603194
0.75305
0.568661
0.824106
1.21743
0.62264
1.82449
0.851634
0.817102
0.603194
0.524236
0.603194
0.90865
0.817102
1.35913
0.738067
0.805682
0.577361
0.735088
0.524236
0.577361
0.524236
0.603194
0.84675
0.987546
0.577361
1.27245
0.769722
0.568661
0.524236
0.524236
1.08058
1.08702
1.09657
1.69722
1.28239
1.38065
1.07926
1.72444
1.25363
1.32221
0.524236
1.11028
0.981212
0.973206
0.942816
1.82449
1.08841
1.04068
0.779209
0.584085
0.898527
0.603194
0.524236
0.966923
0.524236
1.02301
0.655825
0.953761
1.12421
0.635668
0.645945
0.603194
1.17128
0.922545
0.884591
0.641575
0.645945
0.645945
0.568661
0.509618
1.01814
0.801996
0.937223
0.939377
0.896865
0.676484
1.09657
1.5265
1.71019
0.568661
1.07401
0.98301
1.04604
0.90577
1.10775
0.930536
0.7523
1.26209
0.953869
1.02707
1.08106
0.861555
0.877935
0.711668
1.15447
1.08827
1.24988
0.962233
1.19324
0.743661
1.04468
1.27305
1.05425
0.572654
1.18267
0.862381
1.76158
0.994295
1.15018
1.05339
0.748055
0.616845
1.15018
1.17185
0.957511
0.669318
1.41779
1.12623
1.09873
1.16491
0.991144
1.16959
1.04176
0.979211
0.84383
0.865828
0.654642
0.603194
1.16959
1.1589
0.826964
1.12574
1.21435
1.29643
1.06972
1.11724
1.08106
1.08106
1.08106
0.803111
0.524236
1.41779
0.842069
0.799262
1.18386
1.15018
0.957998
0.948
1.03914
1.08058
1.07745
1.05056
1.55728
1.45714
0.791004
1.04481
1.18403
1.13091
1.15447
0.992407
0.710475
1.08106
0.853748
1.25969
0.656614
1.1407
0.651612
1.16575
0.95674
1.03963
0.933752
1.25984
0.742886
1.45878
1.08106
0.926701
1.20583
1.25969
1.21575
1.14618
0.572654
1.18403
1.16959
0.803111
1.00941
0.768979
0.734169
1.29077
0.884085
1.23613
0.979211
0.851634
1.39422
0.716333
1.0916
0.979211
0.988893
0.572654
1.07745
0.987015
1.42004
0.863974
0.886934
1.08106
0.988893
0.817024
1.3363
0.928635
1.29302
1.39422
0.89976
1.11899
1.80171
1.07516
1.11425
1.01376
1.29418
1.56164
0.952506
1.08841
1.80147
1.29302
0.873175
1.18452
1.37746
0.714843
1.07222
1.04468
0.868472
1.03963
0.956875
0.603194
1.00611
0.589281
1.21676
0.925548
1.80147
1.45714
1.07135
1.04891
0.603531
0.967263
0.603531
1.15175
1.15163
1.25509
0.524236
0.577361
0.60076
1.25588
0.579347
1.42832
1.19388
0.594452
0.570008
0.624813
0.524236
0.666379
1.23331
1.28899
1.02189
0.660772
0.563725
0.570008
0.603531
0.524236
0.577361
0.624813
0.524236
1.5941
1.05413
0.698638
0.617725
0.524236
1.20516
0.603194
0.524236
1.49358
1.05353
0.524236
0.739929
1.15163
0.524236
1.14844
0.636292
0.660772
0.603194
0.524236
1.3469
0.570008
1.36299
1.44295
1.34666
1.84361
1.90151
1.86087
1.09271
0.535475
1.54778
1.86087
0.985506
1.71395
1.5265
0.445024
0.69915
0.771676
0.738067
1.25247
1.86087
1.90151
0.524236
0.638063
0.69915
0.524236
1.5265
1.47387
1.90151
1.55026
0.781333
0.819733
0.799296
1.80297
0.524236
1.70348
1.86087
0.987347
0.664105
0.788169
0.66325
1.82449
0.803888
1.84361
0.777556
0.706743
0.524236
0.636401
1.36966
1.05978
0.950424
0.873979
0.497095
1.06745
1.13863
1.62032
0.49223
1.00278
1.59726
1.07926
0.686039
1.18157
1.05593
0.575903
1.01872
0.612642
1.21848
1.12251
0.577361
1.15647
0.804254
0.940233
0.879887
0.96325
0.656073
0.611863
0.741276
0.524236
1.00579
0.591787
1.11378
0.872691
1.05978
0.887536
0.635622
0.922112
1.39808
1.25128
1.22515
0.739259
1.05339
0.995587
0.543159
1.75815
1.02869
0.832208
1.09575
0.847292
1.13679
0.907467
0.786292
1.3933
0.624629
0.887796
1.06598
1.17891
1.16266
0.762762
0.783838
1.08784
0.575903
0.627747
0.835141
0.872552
0.524236
1.23789
1.57358
0.817884
1.05325
1.03985
1.0685
1.03521
1.20775
1.12251
0.723448
0.507335
0.810051
1.08784
1.12251
0.692366
0.774571
0.724933
1.1589
1.05198
0.936731
0.72344
0.612642
0.869396
1.02277
1.15729
0.678872
1.12169
0.907467
0.741276
1.46716
0.695273
0.998658
0.863974
1.30549
1.01511
1.08817
0.496609
1.23094
0.44603
0.665364
0.496609
0.804865
0.603834
0.942022
0.854728
1.36354
0.524236
0.632178
0.846867
0.957802
0.97093
1.05775
0.806537
1.08817
0.82222
0.665364
1.01872
0.787719
1.13761
0.665364
0.769722
0.838019
0.719994
0.524236
0.617212
1.0066
1.16959
0.650727
1.01872
1.11379
1.09355
0.847379
0.971046
0.947908
1.0797
1.00821
0.892184
0.725239
1.02645
1.06771
1.03901
0.90261
1.07006
1.04878
0.922545
1.76658
0.692212
1.07423
1.25872
0.86774
0.60368
0.577361
0.935371
0.677107
0.616357
0.877079
0.853828
0.90261
0.645945
0.874955
1.03036
0.75289
1.80147
0.950476
0.774452
1.15868
0.819838
0.692212
0.524236
0.524236
1.17997
0.915457
1.29777
0.616784
0.788169
1.11453
0.524236
0.524236
0.915379
1.15773
1.01176
0.739579
0.524236
1.06092
0.915379
0.603194
0.897495
0.524236
1.45714
1.06489
1.01176
1.09877
0.524236
1.01176
0.849001
0.836422
0.524236
0.677107
0.862255
0.524236
1.03509
1.78416
0.524236
0.692212
0.524236
0.577361
0.553043
0.524236
0.524236
0.603194
0.60368
0.788169
1.20306
0.524236
1.11404
1.09877
0.524236
1.06092
1.06092
1.48295
0.761739
0.741276
0.657998
0.524236
1.22075
0.788169
0.524236
0.524236
0.524236
1.29902
1.38955
0.524236
0.862255
1.13746
0.739929
0.751782
0.524236
0.524236
0.524236
0.524236
1.1853
0.558492
0.751782
0.524236
0.524236
0.488828
0.577361
0.524236
0.524236
0.603194
0.697782
0.524236
0.524236
0.655825
1.04438
0.524236
0.524236
0.524236
0.524236
0.524236
0.577361
0.524236
0.674088
0.524236
0.524236
0.524236
0.524236
0.524236
0.524236
0.524236
0.524236
0.524236
0.524236
0.524236
0.524236
0.524236
0.524236
0.524236
0.524236
0.524236
0.524236
0.524236
0.435704
0.524236
0.524236
0.524236
0.524236
0.524236
0.524236
0.524236
0.524236
0.524236
0.524236
0.524236
0.603194
0.524236
0.524236
0.524236
0.524236
0.69915
0.524236
0.524236
0.524236
0.524236
0.692212
0.524236
0.524236
0.524236
0.524236
0.524236
0.524236
0.524236
0.524236
0.524236
0.675878
0.524236
0.524236
1.54061
0.524236
0.675391
0.524236
0.524236
0.524236
0.524236
0.524236
0.524236
0.524236
0.524236
0.524236
0.524236
0.524236
0.524236
1.63431
0.951619
0.524236
0.739579
0.524236
1.67445
0.524236
0.524236
0.524236
0.524236
0.524236
0.524236
1.50395
0.586859
0.524236
0.84383
1.80171
0.524236
0.617725
0.624813
0.984009
0.524236
1.28274
0.524236
0.524236
0.927143
0.568661
1.0732
0.524236
0.535475
1.28492
0.524236
1.96756
0.617725
0.84383
0.524236
0.699637
0.568661
1.19492
1.36048
0.524236
1.70884
1.19492
0.751782
0.524236
0.535475
0.524236
0.788169
1.72758
1.19492
0.65091
0.524236
0.568661
1.36355
1.11578
0.524236
0.996882
0.617725
1.15568
1.82763
0.524236
1.1849
0.524236
0.568661
0.524236
0.69915
0.617725
1.19492
0.524236
0.524236
0.897495
0.752637
0.927143
0.69915
0.788169
0.84383
0.945105
0.752637
0.524236
1.72758
0.868401
0.693958
1.10838
0.871397
1.89053
0.524236
0.620109
0.524236
0.617725
0.620109
1.19492
0.524236
0.524236
0.901263
0.953084
0.524236
1.07048
0.524236
0.709128
0.655825
0.524236
1.50324
0.568149
0.780704
1.51286
0.864201
1.33627
1.05383
1.37206
0.671212
0.524236
0.738067
0.524236
0.91298
0.524236
1.37206
0.524236
1.00042
0.962564
0.65091
1.13198
0.738067
0.524236
0.738067
0.85517
0.7639
1.03978
0.524236
0.524236
1.08374
1.37206
0.532189
1.42997
0.524236
0.834553
0.568661
0.864201
1.37206
0.524236
0.524236
0.620109
0.568661
0.962564
0.524236
0.524236
0.524236
0.738067
0.524236
0.588962
0.65091
0.524236
0.739929
0.577361
0.568661
0.671212
0.568661
0.568661
1.34241
0.524236
0.709063
0.920068
0.882164
0.568661
0.524236
0.65091
1.18376
1.42384
1.37206
0.568661
1.37206
1.18376
0.524236
0.65091
0.577723
0.671212
0.568661
0.7639
0.568661
0.524236
1.37206
0.568661
0.524236
0.524236
0.568661
1.42384
0.568661
0.568661
0.739929
0.65091
0.524236
0.882164
0.620109
0.817387
0.864201
0.65768
0.524236
1.49826
0.864201
0.524236
0.524236
0.655825
0.738067
1.13198
0.577361
0.65091
0.524236
0.524236
0.785823
0.739929
1.32382
0.882164
0.915978
0.568661
0.864201
1.77129
0.568661
1.08374
0.568661
1.13198
0.577361
0.65091
0.915978
0.671212
0.739929
0.568661
0.568661
0.568661
0.524236
0.568661
0.624494
1.47157
1.45895
0.542828
0.684532
1.00679
0.488336
0.524236
0.524236
1.60123
1.54549
0.524236
0.643665
0.524236
0.6847
0.524236
0.524236
0.524236
1.51734
0.932498
0.505433
1.62019
0.524236
0.746634
0.624494
0.680052
0.438126
0.524236
0.524236
1.54549
0.524236
1.47157
0.869035
0.524236
0.524236
0.524236
0.452376
1.60123
1.51685
0.524236
0.588107
0.617725
0.535475
0.870732
1.41367
1.44036
0.524236
1.60123
0.524723
0.524236
0.524236
0.524236
0.504915
1.62019
1.60123
1.44433
0.535475
1.64137
1.47157
0.618211
1.45895
0.586859
0.535475
0.567575
0.524236
0.524236
1.10529
0.535475
0.488763
1.44036
1.64137
0.756438
0.529193
0.591212
1.82449
0.509618
0.535475
0.624494
0.535475
0.524236
0.524236
0.474086
0.618211
1.37042
0.524236
0.524236
1.60123
1.51685
0.488336
0.536774
1.64137
0.535475
0.524236
0.524236
0.478209
0.499575
0.909393
0.524236
0.869664
0.524236
0.524236
0.474086
0.535475
1.59742
0.524236
0.524236
0.524236
0.524236
1.16872
0.586859
0.535475
1.00145
0.524236
0.794447
1.42832
0.524236
0.618211
0.702823
1.6338
0.95109
1.2475
0.524236
0.524236
0.586859
0.524236
0.524236
0.568661
1.64137
1.54303
0.524236
1.64137
0.524236
0.535475
0.916496
0.705744
0.577361
0.524236
0.773965
1.01391
0.692212
0.639918
0.906625
0.861287
0.691716
0.586924
0.862984
0.781431
1.06273
0.524236
0.736199
0.821345
1.17185
0.652257
1.15447
0.821345
0.826646
0.645945
1.2534
1.40202
0.621943
1.36355
0.863777
1.04948
1.0187
1.50348
0.773965
1.10584
0.933187
1.80147
1.66239
0.524236
1.50348
0.699069
0.652257
0.947513
1.01088
1.80147
0.699128
0.926446
1.50348
1.80147
0.973182
0.908022
0.909877
0.755472
1.80147
0.586859
0.797586
1.80147
0.967087
1.50348
1.39951
1.80147
1.15447
1.05339
1.50348
0.985049
0.967087
1.40202
0.524236
1.80147
0.788147
1.27236
0.761626
1.80147
1.80147
1.31014
0.94441
1.80147
0.855391
1.31014
1.19297
0.844608
1.20589
1.15221
1.09657
1.15447
1.80147
1.40202
1.50348
1.3493
0.853828
0.524236
0.828787
1.50348
1.19383
1.50348
0.524236
0.832879
0.904465
0.855391
1.43993
0.90577
0.577361
0.842069
0.603194
1.02745
0.75305
1.01313
0.621456
0.824106
1.50348
1.80147
1.31014
0.788169
1.09657
1.02745
1.50348
1.31014
0.724902
0.610537
1.74356
1.21968
1.05858
0.819491
1.15447
1.15784
1.20589
0.645945
0.652257
1.80147
0.956796
1.40202
1.09657
0.820858
0.917554
1.40202
1.56437
1.31775
1.40202
0.524236
0.797229
1.80147
0.938775
1.02745
0.570008
1.24096
0.78717
0.724902
0.970562
0.828787
0.524236
1.50348
1.09189
0.645945
1.44182
1.50348
0.967087
1.22038
1.20946
1.39994
0.873388
1.26414
0.677107
0.610618
0.677107
1.08283
1.6089
1.17185
1.15194
1.70884
1.24263
1.53129
1.59367
1.19423
1.36441
1.26639
1.69792
0.524236
1.26639
1.25491
1.28908
1.31381
0.95436
0.524236
1.80147
1.50348
1.02745
1.70884
0.828787
1.09657
0.724902
1.09657
0.985049
0.803166
0.818448
0.887808
0.621456
1.26208
0.773965
0.524236
1.15447
0.946026
1.49826
0.718237
0.986811
1.04653
1.00287
1.4259
1.73806
1.00716
1.25984
1.35453
1.80147
1.80147
0.887808
1.09657
1.2534
1.80147
0.524236
1.08267
1.15447
0.603194
0.738074
1.78206
1.08267
0.524236
1.08267
1.08267
1.08267
0.693958
1.00489
0.524236
0.524236
0.524236
0.524236
0.997803
0.896962
0.997174
1.55139
1.14288
0.524236
0.524236
0.603194
0.788169
0.524236
1.77185
0.524236
0.524236
1.04017
0.524236
1.02745
1.3146
0.524236
1.07923
0.524236
0.763102
1.09064
0.65091
0.769385
0.524236
0.692212
0.815673
0.699637
1.14969
0.950086
0.699637
1.05354
1.03942
1.82534
0.957998
0.524236
0.677107
1.07923
0.997803
0.997803
0.577361
0.929842
1.00125
0.524236
0.524236
0.524236
1.11772
0.524236
0.524236
0.777296
0.664105
0.788169
1.13091
0.538619
0.562378
1.09657
1.02745
1.12117
0.524236
1.11219
0.524236
0.524236
0.568661
0.524236
0.524236
1.09657
1.04726
0.635293
0.65091
1.8954
0.524236
0.524236
0.950086
0.950086
0.524236
1.02592
0.68593
1.49826
0.575573
0.906736
0.524236
0.651397
0.603194
0.656681
1.13091
1.04833
1.12135
0.577361
0.997174
1.19401
1.82534
1.10013
1.09415
0.524236
0.524236
0.728241
1.52705
0.741276
1.03871
1.0192
1.56529
1.03871
1.13656
0.603194
1.0192
0.603194
1.20565
0.692212
0.989645
1.11907
1.20893
1.08058
0.820833
0.751423
0.934543
1.04277
0.704889
0.800486
0.652257
0.818448
1.0739
0.938256
1.11896
1.12946
0.94533
1.16959
1.05646
1.45918
0.955825
1.08635
0.6012
0.807596
0.938256
0.784108
0.743552
0.802871
1.30715
0.577361
1.01514
1.51705
0.900361
0.524236
0.547589
0.833672
0.787719
1.08453
1.20164
1.10955
0.751423
0.802871
1.18288
1.2919
0.769385
1.07065
1.48251
0.778724
0.934543
0.710475
0.654642
0.899874
1.76713
0.775968
0.883839
0.603194
0.570008
0.603194
1.01514
0.925428
1.21683
0.786314
0.749747
0.988893
0.626546
0.952506
0.899874
0.524236
0.624813
1.01874
1.09314
0.896962
1.30529
0.677107
0.639088
1.14969
0.811342
0.784521
0.577361
0.713992
0.677107
1.76713
1.16959
0.751423
1.14969
1.49348
1.01514
0.767709
1.00153
1.35969
1.49109
1.19893
0.820833
0.577361
1.03937
1.27589
1.24717
0.858404
0.952506
1.18044
0.524236
0.973787
0.577361
0.952506
1.16975
1.03043
0.751423
1.07065
0.603194
1.17355
0.684532
1.14371
0.716261
1.14969
0.769385
1.22277
1.19447
0.577361
0.716261
0.984342
0.984342
1.06827
1.0875
1.2076
1.48251
0.769385
1.01514
0.769385
0.603194
1.14619
0.792025
0.802871
0.894747
0.524236
1.0192
0.767709
1.33057
0.577361
0.925548
0.524236
0.603194
0.800486
0.524236
0.524236
0.562378
0.962564
0.524236
0.859746
0.716261
0.851893
0.799783
0.542828
1.04735
0.900034
0.762742
0.7639
0.839831
0.620109
0.568661
0.524236
0.524236
0.650215
1.56103
0.781333
1.1022
0.524236
0.524236
0.831746
0.849118
0.568661
0.524236
0.524236
0.638063
0.524236
0.932106
0.979174
0.568661
0.610618
0.524236
0.524236
0.936731
0.577847
0.817361
0.728492
0.891196
0.867706
0.780704
0.624494
0.65091
0.524236
0.524236
0.799783
0.739579
0.936823
0.567293
0.670356
0.524236
1.59742
0.568661
0.675943
0.524236
0.875653
0.65091
0.568661
0.699637
0.524236
0.524236
0.524236
0.961406
0.858149
0.568661
0.780704
0.524236
0.568661
0.488828
0.524236
0.452869
0.550899
0.435704
0.524236
0.692212
0.660772
0.524236
0.817361
0.651045
0.542828
0.524236
0.488828
0.738067
0.524236
0.524236
0.524236
0.524236
0.524236
0.524236
1.04221
0.65091
0.649168
0.524236
0.934715
0.524236
0.524236
0.568661
0.524236
0.675878
0.936731
0.524236
0.524236
0.524236
0.738553
0.751056
0.821762
0.656681
0.542828
0.524236
0.524236
0.488828
0.524236
0.524236
0.542828
1.20179
0.990629
0.610618
0.524236
0.524236
1.03052
0.524236
0.524236
0.568661
0.650215
0.66325
1.04911
0.661823
0.577361
0.524236
0.936731
0.741276
0.851975
1.30789
1.55728
1.30789
1.15194
1.2534
0.524236
1.55728
0.93772
0.577361
0.603194
0.603194
1.5265
0.902125
1.14359
0.695047
1.17522
1.36615
0.625241
1.36181
1.32221
1.78416
1.30789
0.874942
1.54303
1.27169
1.27169
1.6338
0.722829
1.08151
1.325
0.603194
1.25019
1.38557
0.865341
1.32233
1.29857
0.524236
0.889135
0.769385
0.946003
1.55728
1.55728
1.08872
1.36615
0.788169
0.849631
0.828303
0.887507
1.36615
1.15175
0.718813
1.19558
1.08872
1.33582
0.817102
0.741276
0.991144
0.680853
1.17198
1.26469
1.14647
1.66414
1.59742
1.2534
1.66414
1.0014
1.21887
1.15194
0.884163
0.570008
1.2534
1.27169
1.55139
0.991144
1.2534
1.29943
1.36615
1.6338
1.30789
0.787648
0.524236
1.66414
1.36615
1.36615
1.36615
1.2534
0.524236
0.956612
1.18372
1.36615
1.66414
1.60587
0.690639
1.36615
0.997803
1.2534
0.830187
0.938649
0.788169
1.2534
1.15194
1.36615
1.08283
0.754767
1.55728
1.24096
1.19558
0.621456
1.2534
1.21887
1.30789
1.29857
1.20955
1.09809
0.793256
0.570008
0.524236
1.36615
1.2593
0.524236
1.36615
0.898908
1.15194
0.950086
1.58622
1.36615
1.59367
1.55728
1.18372
0.649
0.807208
1.21887
0.577361
0.741276
0.971062
0.577361
0.524236
0.524236
0.741276
1.3371
0.90577
0.577361
0.570008
0.524236
0.69915
0.925286
1.5674
0.818448
0.683075
0.743552
0.659027
0.690428
0.820059
0.683075
0.80461
1.0192
0.968431
0.524236
0.524236
0.577361
0.938256
0.778646
0.854728
0.577361
0.577361
0.577361
0.524236
0.818448
0.524236
0.736199
0.524236
0.524236
1.09087
0.872691
0.897792
0.736199
0.524236
0.524236
0.718237
0.577361
0.524236
0.524236
0.988893
0.690428
0.524236
0.524236
1.1914
0.577361
0.524236
0.535475
0.804254
0.769385
0.524236
0.690428
0.524236
0.690428
0.785994
0.570008
0.524236
0.570008
0.524236
0.912825
0.577361
0.577361
0.524236
0.603194
0.524236
0.577361
0.84274
1.49348
0.935468
0.652744
0.524236
0.950713
0.524236
0.8207
0.736317
1.51666
0.621456
0.577361
0.524236
0.524236
0.524236
0.524236
0.524236
0.524236
0.524236
0.907467
0.524236
0.577361
0.682194
1.02299
0.892362
0.524236
0.524236
0.708334
0.524236
0.785994
0.818448
0.743552
0.773168
0.524236
1.03738
0.603194
0.577361
0.524236
0.570008
0.577361
0.524236
0.524236
0.524236
0.524236
0.524236
0.754767
0.524236
0.741276
1.03237
0.876601
0.754767
0.751423
0.524236
0.524236
0.524236
0.577361
0.524236
0.680853
0.690428
0.769385
0.577361
1.03237
0.524236
0.524236
0.731007
0.524236
0.563725
0.843298
0.577361
0.916901
0.524236
0.659027
0.524236
0.524236
0.680853
0.577361
0.524236
0.827469
0.524236
0.743552
0.741276
0.692679
0.524236
0.577361
0.577361
1.00708
0.940507
0.524236
0.754767
0.968431
0.690428
0.577361
0.524236
0.524236
0.570008
0.524236
0.524236
0.524236
0.977353
