0.404772
0.171496
0.410217
0.12414
0.847534
0.621319
0.241005
0.70957
0.206576
0.847534
0.643893
0.12414
0.404772
0.0344287
0.523433
0.206576
0.383077
0.336614
0.513115
0.491281
0.404772
0.404772
0.206576
0.12414
0.727074
0.513115
0.336614
0.597036
0.597036
0.513115
0.206576
0.53481
0.643893
0.491281
0.206576
0.711311
0.206576
0.206576
0.287257
0.206576
0.205924
0.205924
0.205924
0.171496
0.815325
0.79782
0.727074
0.0695089
0.711311
0.206576
0.65347
0.0344287
0.206576
0.08906
0.523433
0.847534
0.711311
0.523433
0.950432
0.694923
0.241005
0.513115
0.206576
0.404772
0.280179
0.206576
0.206576
0.523433
0.430679
0.410217
0.206576
0.280179
0.206576
0.206576
0.404772
0.205924
0.0344287
0.711311
0.404772
0.336614
0.579532
0.404772
0.950432
0.206576
0.206576
0.950432
0.773931
0.171496
0.404772
0.280179
0.206576
0.727074
0.404772
0.918222
0.206576
0.280179
0.829971
0.206576
0.171496
0.206576
0.404772
0.743462
0.847534
0.206576
0.513115
0.336614
0.171496
0.0695089
0.53481
0.404772
0.280179
0.206576
0.404772
0.404772
0.491281
0.727074
0.523433
0.206576
0.206576
0.513115
0.205924
0.0695089
0.65347
0.206576
0.171496
0.206576
0.404772
0.336614
0.478376
0.206576
0.950432
0.478376
0.171496
0.404772
0.08906
0.404772
0.513115
0.523433
0.950432
0.608413
0.829971
0.206576
0.404772
0.241005
0.727074
0.206576
0.436924
0.205924
0.314608
0.829971
0.608413
0.513115
0.206576
0.847534
0.336614
0.727074
0.206576
0.847534
0.206576
0.513115
0.829971
0.608413
0.608413
0.436924
0.241005
0.336614
0.0344287
0.597036
0.711311
0.523433
0.0695089
0.829971
0.513115
0.197744
0.206576
0.410217
0.608413
0.206576
0.206576
0.410217
0.206576
0.430679
0.354488
0.206576
0.0344287
0.314608
0.727074
0.523433
0.829971
0.206576
0.950432
0.336614
0.206576
0.829971
0.711311
0.611683
0.206576
0.773931
0.206576
0.336614
0.206576
0.241005
0.171496
0.280179
0.523433
0.643893
0.0344287
0.0344287
0.0344287
0.0695089
0.376048
0.847534
0.27315
0.847534
0.918281
0.0695089
0.0344287
0.0695089
0.0344287
0.0344287
0.0344287
0.0344287
0.0695089
0.0695089
0.143112
0.0344287
0.0695089
0.0344287
0.0344287
0.0344287
0.0344287
0.0344287
0.0695089
0.0695089
0.847534
0.773931
0.0344287
0.773931
0.0344287
0.0344287
0.0344287
0.0344287
0.0344287
0.0344287
0.0344287
0.847534
0.0344287
0.0695089
0.847534
0.0695089
0.0695089
0.0695089
0.0344287
0.404772
0.0344287
0.0344287
0.0344287
0.0344287
0.0344287
0.199547
0.0695089
0.0344287
0.0344287
0.0344287
0.0344287
0.376048
0.829971
0.847534
0.0344287
0.0344287
0.404772
0.597036
0.0344287
0.0344287
0.0344287
0.523433
0.401843
0.0344287
0.0344287
0.0344287
0.0695089
0.0344287
0.0344287
0.0344287
0.171496
0.143112
0.0344287
0.0344287
0.0344287
0.950432
0.523433
0.0344287
0.0344287
0.401843
0.376048
0.401843
0.633575
0.0695089
0.0344287
0.0344287
0.488352
0.0344287
0.376048
0.488352
0.0344287
0.0344287
0.0344287
0.143112
0.950432
0.369692
0.0695089
0.523433
0.0344287
0.608813
0.950432
0.847534
0.199547
0.0344287
0.694923
0.491281
0.401843
0.0344287
0.0344287
0.0344287
0.523433
0.694923
0.0344287
0.0695089
0.0695089
0.0344287
0.0695089
0.0344287
0.0344287
0.369692
0.950432
0.0695089
0.0695089
0.369692
0.171496
0.369692
0.0695089
0.0344287
0.0344287
0.199547
0.0344287
0.0344287
0.0344287
0.171496
0.847534
0.0344287
0.206576
0.0344287
0.376048
0.0344287
0.0344287
0.0344287
0.206576
0.727074
0.0344287
0.491281
0.621319
0.410217
0.171496
0.171496
0.0344287
0.847534
0.0344287
0.0695089
0.0344287
0.0344287
0.199547
0.376048
0.0344287
0.0695089
0.0344287
0.0344287
0.0344287
0.847534
0.27315
0.847534
0.0344287
0.847534
0.08906
0.0344287
0.0344287
0.0344287
0.08906
0.08906
0.0344287
0.12414
0.847534
0.523433
0.0695089
0.0695089
0.847534
0.0344287
0.0695089
0.0344287
0.0695089
0.08906
0.0695089
0.08906
0.831772
0.0695089
0.0695089
0.0695089
0.08906
0.643893
0.847534
0.950432
0.0344287
0.0344287
0.847534
0.847534
0.523433
0.206576
0.847534
0.0344287
0.0695089
0.847534
0.950432
0.847534
0.950432
0.950432
0.847534
0.728874
0.0344287
0.08906
0.436924
0.0344287
0.08906
0.0344287
0.0695089
0.950432
0.847534
0.0344287
0.498468
0.847534
0.08906
0.950432
0.643893
0.950432
0.08906
0.0695089
0.847534
0.08906
0.0344287
0.478376
0.287257
0.0344287
0.523433
0.829971
0.197744
0.523433
0.711311
0.829971
0.404772
0.523433
0.206576
0.727074
0.829971
0.205924
0.0344287
0.597036
0.205924
0.950432
0.950432
0.829971
0.444646
0.727074
0.547543
0.0344287
0.404772
0.711311
0.829971
0.829971
0.829971
0.711311
0.711311
0.523433
0.847534
0.597036
0.711311
0.376048
0.829971
0.512804
0.847534
0.950432
0.608413
0.336614
0.597036
0.727074
0.847534
0.829971
0.829971
0.729351
0.0344287
0.143112
0.478376
0.950432
0.727074
0.950432
0.0344287
0.0344287
0.08906
0.597036
0.478376
0.950432
0.12414
0.143112
0.847534
0.523433
0.513115
0.597036
0.513115
0.404772
0.241005
0.950432
0.608413
0.717497
0.12414
0.829971
0.478376
0.950432
0.314608
0.478376
0.950432
0.950432
0.950432
0.404772
0.523433
0.314608
0.847534
0.0344287
0.727074
0.0344287
0.597036
0.08906
0.478376
0.608413
0.0695089
0.439201
0.65347
0.241005
0.950432
0.829971
0.143112
0.829971
0.829971
0.597036
0.829971
0.950432
0.829971
0.241005
0.478376
0.608413
0.280179
0.950432
0.241005
0.829971
0.143112
0.512804
0.717497
0.950432
0.829971
0.829971
0.727074
0.597036
0.950432
0.829971
0.143112
0.0344287
0.950432
0.950432
0.950432
0.829971
0.206576
0.478376
0.597036
0.847534
0.711311
0.950432
0.0344287
0.0344287
0.717497
0.0344287
0.847534
0.143112
0.950432
0.523433
0.950432
0.597036
0.143112
0.241005
0.950432
0.143112
0.847534
0.523433
0.314608
0.478376
0.711311
0.0344287
0.206576
0.743462
0.829971
0.404772
0.0344287
0.727074
0.0344287
0.597036
0.478376
0.197744
0.608413
0.829971
0.404772
0.410217
0.727074
0.0344287
0.08906
0.950432
0.829971
0.829971
0.829971
0.950432
0.376048
0.74574
0.950432
0.523433
0.829971
0.608413
0.0344287
0.206576
0.711311
0.717497
0.0344287
0.608413
0.410217
0.950432
0.241005
0.597036
0.717497
0.143112
0.727074
0.0344287
0.404772
0.640565
0.0344287
0.847534
0.727074
0.847534
0.0344287
0.197744
0.950432
0.523433
0.829971
0.608413
0.280179
0.0344287
0.727074
0.711311
0.950432
0.711311
0.832249
0.513115
0.608413
0.628876
0.950432
0.727074
0.847534
0.727074
0.523433
0.608413
0.950432
0.404772
0.0695089
0.608413
0.829971
0.478376
0.950432
0.404772
0.847534
0.950432
0.950432
0.597036
0.829971
0.547543
0.711311
0.829971
0.950432
0.950432
0.950432
0.950432
0.597036
0.643893
0.950432
0.711311
0.206576
0.404121
0.711311
0.950432
0.950432
0.0344287
0.608413
0.950432
0.950432
0.950432
0.950432
0.950432
0.950432
0.950432
0.829971
0.950432
0.829971
0.478376
0.0344287
0.0344287
0.0344287
0.950432
0.0344287
0.0344287
0.0344287
0.0344287
0.711311
0.0344287
0.280179
0.0344287
0.0344287
0.0344287
0.0344287
0.0344287
0.0344287
0.0344287
0.0344287
0.171496
0.0344287
0.0344287
0.0344287
0.0344287
0.0344287
0.0344287
0.0344287
0.0344287
0.0344287
0.383077
0.171496
0.0344287
0.0344287
0.0344287
0.0344287
0.0344287
0.0344287
0.0344287
0.0344287
0.376048
0.0344287
0.0344287
0.0344287
0.0344287
0.280179
0.206576
0.0344287
0.0344287
0.0344287
0.0344287
0.0344287
0.0344287
0.0344287
0.0344287
0.0344287
0.0695089
0.206576
0.0344287
0.0344287
0.0344287
0.0344287
0.143112
0.0344287
0.0344287
0.0344287
0.0344287
0.0344287
0.0344287
0.0344287
0.0344287
0.0344287
0.0344287
0.280179
0.0344287
0.0344287
0.0344287
0.171496
0.0344287
0.0344287
0.0344287
0.0344287
0.280179
0.0344287
0.0344287
0.206576
0.950432
0.0344287
0.0344287
0.0344287
0.0344287
0.0344287
0.0344287
0.0344287
0.404772
0.0344287
0.171496
0.0344287
0.0344287
0.0344287
0.0344287
0.0344287
0.0344287
0.280179
0.0344287
0.0344287
0.0344287
0.0344287
0.523433
0.557861
0.241005
0.950432
0.404121
0.0344287
0.523433
0.439201
0.0344287
0.241005
0.523433
0.314608
0.241005
0.631465
0.0344287
0.74574
0.0344287
0.0344287
0.0695089
0.439201
0.0344287
0.49063
0.0344287
0.0695089
0.439201
0.0344287
0.557861
0.439201
0.205924
0.0344287
0.0344287
0.52571
0.0344287
0.0344287
0.241005
0.404121
0.0344287
0.0695089
0.0344287
0.0344287
0.314608
0.241005
0.0344287
0.241005
0.171496
0.557861
0.0344287
0.439201
0.0344287
0.241005
0.205924
0.404121
0.0695089
0.0695089
0.205924
0.439201
0.0344287
0.0344287
0.0344287
0.0344287
0.829971
0.0344287
0.439201
0.0344287
0.0344287
0.439201
0.241005
0.404121
0.241005
0.404121
0.205924
0.439201
0.436272
0.205924
0.444646
0.52571
0.439201
0.0695089
0.0344287
0.439201
0.0344287
0.0344287
0.0344287
0.717497
0.404121
0.205924
0.523433
0.743462
0.241005
0.0695089
0.0344287
0.547543
0.241005
0.557861
0.241005
0.0344287
0.0344287
0.0344287
0.608413
0.404121
0.241005
0.0695089
0.0344287
0.0344287
0.557861
0.241005
0.0344287
0.0344287
0.241005
0.205924
0.241005
0.439201
0.597036
0.241005
0.0344287
0.0344287
0.597036
0.0344287
0.599313
0.0695089
0.512804
0.0344287
0.0695089
0.205924
0.0344287
0.439201
0.205924
0.711311
0.205924
0.241005
0.205924
0.0344287
0.0695089
0.444646
0.597036
0.0344287
0.643893
0.205924
0.241005
0.0344287
0.0344287
0.569239
0.205924
0.557861
0.523433
0.444646
0.439201
0.439201
0.241005
0.404121
0.205924
0.241005
0.557861
0.241005
0.847534
0.439201
0.436272
0.557861
0.0344287
0.557861
0.0344287
0.0344287
0.205924
0.205924
0.0344287
0.74574
0.0344287
0.0344287
0.404772
0.0344287
0.950432
0.376048
0.0344287
0.0344287
0.0344287
0.642842
0.27315
0.0344287
0.241005
0.439201
0.0344287
0.369692
0.0344287
0.488352
0.0344287
0.0344287
0.404772
0.0344287
0.0344287
0.0344287
0.0344287
0.287257
0.0344287
0.08906
0.143112
0.205924
0.0344287
0.643893
0.287257
0.0344287
0.08906
0.401843
0.08906
0.0344287
0.314608
0.0344287
0.557861
0.0344287
0.0344287
0.08906
0.608413
0.0344287
0.0695089
0.0344287
0.49063
0.439201
0.08906
0.12414
0.241005
0.322337
0.287257
0.0344287
0.12414
0.205924
0.27315
0.0695089
0.08906
0.08906
0.444646
0.522781
0.0344287
0.0344287
0.322337
0.376048
0.369692
0.205924
0.205924
0.369692
0.205924
0.205924
0.08906
0.08906
0.0344287
0.0344287
0.354488
0.08906
0.439201
0.12414
0.643893
0.369692
0.0344287
0.439201
0.287257
0.643893
0.08906
0.0344287
0.522781
0.08906
0.0344287
0.0344287
0.0344287
0.143112
0.08906
0.12414
0.0695089
0.287257
0.0695089
0.12414
0.0344287
0.08906
0.0344287
0.0344287
0.557861
0.280179
0.0344287
0.287257
0.404121
0.0344287
0.12414
0.0344287
0.0344287
0.322337
0.287257
0.0344287
0.950432
0.08906
0.847534
0.12414
0.376048
0.0695089
0.0344287
0.0344287
0.205924
0.08906
0.404121
0.12414
0.241005
0.241005
0.52571
0.08906
0.0344287
0.08906
0.39594
0.369692
0.0344287
0.0344287
0.08906
0.08906
0.08906
0.0344287
0.717497
0.205924
0.241005
0.711311
0.205924
0.0344287
0.205924
0.0344287
0.205924
0.08906
0.08906
0.0695089
0.547543
0.0344287
0.0695089
0.773931
0.523433
0.950432
0.08906
0.241005
0.171496
0.401843
0.369692
0.0695089
0.401843
0.205924
0.640565
0.171496
0.404772
0.401843
0.523433
0.488352
0.08906
0.171496
0.727074
0.404772
0.488352
0.523433
0.401843
0.436924
0.523433
0.369692
0.369692
0.369692
0.171496
0.171496
0.404772
0.171496
0.488352
0.523433
0.436924
0.436924
0.488352
0.08906
0.950432
0.488352
0.08906
0.369692
0.171496
0.171496
0.171496
0.369692
0.523433
0.171496
0.523433
0.12414
0.369692
0.401843
0.523433
0.0695089
0.401843
0.369692
0.241005
0.08906
0.369692
0.369692
0.205924
0.12414
0.523433
0.523433
0.369692
0.369692
0.523433
0.401843
0.523433
0.0344287
0.08906
0.319408
0.206576
0.369692
0.287257
0.08906
0.287257
0.369692
0.436924
0.436924
0.08906
0.0695089
0.171496
0.369692
0.08906
0.369692
0.523433
0.404772
0.12414
0.171496
0.401843
0.171496
0.369692
0.488352
0.523433
0.488352
0.0695089
0.369692
0.369692
0.287257
0.488352
0.643893
0.523433
0.436924
0.171496
0.171496
0.08906
0.08906
0.12414
0.206576
0.523433
0.404772
0.369692
0.369692
0.171496
0.171496
0.206576
0.171496
0.171496
0.369692
0.171496
0.171496
0.523433
0.171496
0.171496
0.369692
0.404772
0.12414
0.12414
0.171496
0.369692
0.369692
0.369692
0.488352
0.12414
0.206576
0.918281
0.513115
0.0695089
0.206576
0.950432
0.206576
0.0344287
0.206576
0.0344287
0.0344287
0.171496
0.410217
0.0344287
0.206576
0.0344287
0.206576
0.799562
0.523433
0.0344287
0.206576
0.404772
0.0344287
0.0344287
0.206576
0.0344287
0.206576
0.143112
0.404772
0.0344287
0.950432
0.404772
0.171496
0.206576
0.513115
0.143112
0.404772
0.0344287
0.143112
0.404772
0.206576
0.950432
0.608413
0.513115
0.206576
0.171496
0.829971
0.950432
0.513115
0.404772
0.206576
0.206576
0.711311
0.280179
0.950432
0.918281
0.143112
0.206576
0.171496
0.206576
0.513115
0.523433
0.513115
0.0695089
0.950432
0.206576
0.404772
0.0344287
0.206576
0.143112
0.0344287
0.950432
0.206576
0.206576
0.711311
0.171496
0.0344287
0.0344287
0.0344287
0.206576
0.404772
0.0344287
0.0344287
0.206576
0.206576
0.950432
0.950432
0.404772
0.0344287
0.513115
0.404772
0.404772
0.0344287
0.711311
0.829971
0.206576
0.410217
0.513115
0.206576
0.206576
0.206576
0.404772
0.206576
0.0344287
0.206576
0.171496
0.0344287
0.206576
0.608413
0.206576
0.206576
0.404772
0.513115
0.0344287
0.404772
0.513115
0.950432
0.206576
0.206576
0.950432
0.513115
0.206576
0.206576
0.0344287
0.711311
0.0344287
0.206576
0.0344287
0.206576
0.0344287
0.280179
0.410217
0.336614
0.336614
0.513115
0.410217
0.829971
0.513115
0.608413
0.280179
0.410217
0.773931
0.241005
0.0344287
0.205924
0.444646
0.65347
0.241005
0.829971
0.404772
0.314608
0.847534
0.410217
0.513115
0.950432
0.0695089
0.241005
0.547543
0.336614
0.79782
0.0344287
0.280179
0.711311
0.79782
0.829971
0.314608
0.950432
0.513115
0.336614
0.376048
0.513115
0.205924
0.513115
0.79782
0.444646
0.53481
0.404772
0.205924
0.0344287
0.513115
0.53481
0.410217
0.513115
0.65347
0.694923
0.513115
0.410217
0.608413
0.241005
0.513115
0.564885
0.314608
0.717497
0.280179
0.53481
0.336614
0.547543
0.513115
0.513115
0.847534
0.79782
0.241005
0.371042
0.773931
0.241005
0.711311
0.621319
0.513115
0.371042
0.717497
0.336614
0.410217
0.376048
0.53481
0.950432
0.950432
0.0344287
0.79782
0.717497
0.608413
0.206576
0.478376
0.404772
0.280179
0.336614
0.65347
0.513115
0.621319
0.74574
0.711311
0.773931
0.513115
0.950432
0.444646
0.410217
0.241005
0.79782
0.727074
0.513115
0.727074
0.0695089
0.79782
0.241005
0.0344287
0.314608
0.847534
0.79782
0.314608
0.206576
0.829971
0.410217
0.847534
0.727074
0.241005
0.547543
0.336614
0.513115
0.241005
0.336614
0.547543
0.547543
0.444646
0.206576
0.621319
0.741721
0.444646
0.547543
0.513115
0.205924
0.65347
0.241005
0.410217
0.547543
0.336614
0.65347
0.694923
0.773931
0.53481
0.711311
0.0695089
0.241005
0.847534
0.371042
0.0695089
0.513115
0.241005
0.53481
0.829971
0.513115
0.206576
0.206576
0.727074
0.547543
0.711311
0.847534
0.773931
0.847534
0.206576
0.65347
0.336614
0.727074
0.280179
0.65347
0.597036
0.711311
0.241005
0.608413
0.711311
0.711311
0.491281
0.53481
0.727074
0.523433
0.773931
0.53481
0.206576
0.410217
0.206576
0.371042
0.847534
0.241005
0.711311
0.410217
0.241005
0.371042
0.621319
0.711311
0.608413
0.513115
0.0695089
0.336614
0.336614
0.241005
0.773931
0.53481
0.241005
0.547543
0.597036
0.711311
0.241005
0.371042
0.0344287
0.241005
0.65347
0.513115
0.53481
0.65347
0.0695089
0.815325
0.206576
0.829971
0.336614
0.513115
0.513115
0.53481
0.950432
0.0344287
0.513115
0.410217
0.711311
0.410217
0.336614
0.711311
0.336614
0.53481
0.241005
0.241005
0.0344287
0.444646
0.0344287
0.847534
0.711311
0.513115
0.410217
0.621319
0.404772
0.206576
0.143112
0.404772
0.27315
0.847534
0.206576
0.847534
0.523433
0.643893
0.847534
0.847534
0.444646
0.727074
0.143112
0.143112
0.0695089
0.643893
0.523433
0.0344287
0.643893
0.0344287
0.241005
0.27315
0.444646
0.0695089
0.544956
0.847534
0.471352
0.404772
0.404772
0.727074
0.0344287
0.0344287
0.847534
0.404772
0.0344287
0.608413
0.847534
0.143112
0.206576
0.369692
0.643893
0.847534
0.727074
0.523433
0.847534
0.547543
0.0344287
0.847534
0.608413
0.0695089
0.523433
0.0344287
0.0344287
0.241005
0.404772
0.0344287
0.0344287
0.727074
0.0344287
0.206576
0.0695089
0.206576
0.444646
0.847534
0.404772
0.404772
0.523433
0.444646
0.773931
0.523433
0.0344287
0.523433
0.711311
0.206576
0.523433
0.643893
0.643893
0.314608
0.241005
0.608413
0.544956
0.643893
0.727074
0.0344287
0.206576
0.0344287
0.608413
0.444646
0.847534
0.205924
0.0344287
0.241005
0.369692
0.608413
0.643893
0.491281
0.206576
0.206576
0.0344287
0.727074
0.369692
0.0344287
0.643893
0.727074
0.597036
0.404772
0.523433
0.27315
0.847534
0.404772
0.547543
0.404121
0.847534
0.206576
0.404772
0.404772
0.206576
0.847534
0.206576
0.143112
0.0695089
0.0344287
0.727074
0.0344287
0.0344287
0.727074
0.241005
0.0344287
0.643893
0.410217
0.206576
0.847534
0.608413
0.523433
0.171496
0.847534
0.404772
0.404772
0.0344287
0.643893
0.436272
0.727074
0.206576
0.727074
0.643893
0.847534
0.727074
0.847534
0.0344287
0.547543
0.727074
0.847534
0.847534
0.0344287
0.773931
0.404772
0.0695089
0.523433
0.847534
0.727074
0.950432
0.206576
0.0344287
0.727074
0.608413
0.0695089
0.523433
0.404772
0.404772
0.523433
0.0344287
0.0695089
0.0695089
0.404772
0.53481
0.523433
0.206576
0.608413
0.727074
0.523433
0.369692
0.0695089
0.608413
0.0344287
0.444646
0.717497
0.608413
0.847534
0.523433
0.206576
0.404772
0.829971
0.410217
0.383077
0.608413
0.608413
0.27315
0.280179
0.171496
0.478376
0.143112
0.0695089
0.404772
0.478376
0.491281
0.564885
0.206576
0.608413
0.314608
0.206576
0.24601
0.410217
0.280179
0.410217
0.404772
0.206576
0.205924
0.143112
0.0344287
0.0344287
0.478376
0.369692
0.0344287
0.0344287
0.206576
0.0695089
0.0695089
0.410217
0.727074
0.478376
0.280179
0.0344287
0.608413
0.0344287
0.0344287
0.404772
0.280179
0.280179
0.280179
0.197744
0.410217
0.280179
0.0344287
0.205924
0.0695089
0.206576
0.206576
0.410217
0.280179
0.280179
0.0344287
0.280179
0.404772
0.280179
0.478376
0.829971
0.410217
0.280179
0.280179
0.0695089
0.404772
0.478376
0.171496
0.478376
0.597036
0.280179
0.608413
0.918222
0.404772
0.206576
0.410217
0.206576
0.08906
0.280179
0.0344287
0.597036
0.404772
0.478376
0.197744
0.280179
0.918281
0.410217
0.410217
0.513115
0.410217
0.206576
0.206576
0.206576
0.717497
0.0344287
0.0344287
0.206576
0.0344287
0.371042
0.597036
0.727074
0.27315
0.581273
0.711311
0.478376
0.0695089
0.314608
0.280179
0.0344287
0.143112
0.143112
0.513115
0.143112
0.0695089
0.0344287
0.280179
0.206576
0.513115
0.829971
0.24601
0.608413
0.280179
0.0695089
0.608413
0.410217
0.829971
0.608413
0.608413
0.206576
0.478376
0.410217
0.241005
0.478376
0.206576
0.280179
0.171496
0.143112
0.280179
0.410217
0.280179
0.478376
0.197744
0.280179
0.280179
0.205924
0.513115
0.608413
0.523433
0.513115
0.829971
0.206576
0.280179
0.280179
0.206576
0.608413
0.597036
0.950432
0.513115
0.280179
0.597036
0.727074
0.478376
0.0344287
0.0344287
0.171496
0.280179
0.79782
0.918281
0.404772
0.0344287
0.410217
0.410217
0.206576
0.597036
0.280179
0.280179
0.143112
0.205924
0.280179
0.513115
0.206576
0.143112
0.206576
0.27315
0.410217
0.410217
0.711311
0.410217
0.608413
0.206576
0.523433
0.711311
0.523433
0.206576
0.206576
0.206576
0.564885
0.0695089
0.831772
0.0344287
0.206576
0.206576
0.0344287
0.336614
0.0695089
0.143112
0.829971
0.241005
0.513115
0.280179
0.608413
0.478376
0.523433
0.241005
0.478376
0.478376
0.597036
0.597036
0.513115
0.280179
0.597036
0.513115
0.711311
0.410217
0.206576
0.608413
0.206576
0.171496
0.510527
0.206576
0.0344287
0.829971
0.0344287
0.79782
0.206576
0.410217
0.404772
0.206576
0.410217
0.513115
0.711311
0.197744
0.206576
0.478376
0.0344287
0.280179
0.513115
0.404772
0.950432
0.523433
0.206576
0.280179
0.280179
0.820394
0.280179
0.280179
0.206576
0.08906
0.206576
0.280179
0.513115
0.513115
0.205924
0.513115
0.206576
0.513115
0.0344287
0.950432
0.206576
0.206576
0.478376
0.950432
0.513115
0.513115
0.280179
0.336614
0.206576
0.280179
0.444646
0.478376
0.711311
0.383077
0.0344287
0.0695089
0.950432
0.608413
0.206576
0.376048
0.513115
0.0344287
0.143112
0.79782
0.886071
0.410217
0.597036
0.510527
0.206576
0.950432
0.404772
0.206576
0.608413
0.280179
0.206576
0.280179
0.478376
0.404772
0.171496
0.0344287
0.478376
0.608413
0.478376
0.513115
0.410217
0.410217
0.206576
0.241005
0.376048
0.0695089
0.0344287
0.0344287
0.369692
0.0344287
0.0344287
0.0344287
0.727074
0.0344287
0.0344287
0.0344287
0.0344287
0.0344287
0.0344287
0.0344287
0.0344287
0.0344287
0.206576
0.0344287
0.0344287
0.0344287
0.0344287
0.0695089
0.0344287
0.0344287
0.643893
0.0344287
0.369692
0.0344287
0.0344287
0.0344287
0.0344287
0.0344287
0.404772
0.0344287
0.581273
0.0344287
0.0344287
0.0344287
0.0344287
0.376048
0.0695089
0.0695089
0.0344287
0.488352
0.711311
0.0344287
0.0344287
0.523433
0.0344287
0.488352
0.488352
0.829971
0.0344287
0.401843
0.0344287
0.0344287
0.0344287
0.0344287
0.727074
0.143112
0.369692
0.0344287
0.0344287
0.0344287
0.0344287
0.0344287
0.143112
0.0344287
0.0344287
0.0695089
0.0344287
0.0344287
0.0344287
0.0344287
0.0695089
0.727074
0.0344287
0.65347
0.0344287
0.383077
0.0695089
0.0344287
0.0344287
0.0344287
0.0344287
0.523433
0.369692
0.0344287
0.0344287
0.24601
0.513115
0.0344287
0.0344287
0.27315
0.0344287
0.0344287
0.488352
0.376048
0.0344287
0.0344287
0.0344287
0.950432
0.0344287
0.27315
0.608413
0.0344287
0.0344287
0.0344287
0.0344287
0.0344287
0.829971
0.0344287
0.0344287
0.0344287
0.0344287
0.0344287
0.0344287
0.0344287
0.0344287
0.0344287
0.0344287
0.0344287
0.0344287
0.0344287
0.0344287
0.0344287
0.0344287
0.0344287
0.0344287
0.0344287
0.27315
0.08906
0.439201
0.0344287
0.205924
0.241005
0.557861
0.241005
0.0344287
0.241005
0.241005
0.241005
0.241005
0.0344287
0.241005
0.0344287
0.0344287
0.0344287
0.241005
0.0344287
0.0344287
0.241005
0.206576
0.0695089
0.241005
0.0344287
0.241005
0.404772
0.65347
0.241005
0.0344287
0.205924
0.0344287
0.205924
0.0344287
0.918281
0.557861
0.241005
0.0344287
0.0344287
0.569239
0.241005
0.280179
0.205924
0.241005
0.523433
0.0695089
0.08906
0.0344287
0.241005
0.241005
0.0344287
0.241005
0.241005
0.439201
0.241005
0.410217
0.241005
0.143112
0.241005
0.241005
0.241005
0.410217
0.241005
0.0344287
0.0344287
0.241005
0.241005
0.950432
0.241005
0.241005
0.241005
0.205924
0.0344287
0.241005
0.0695089
0.241005
0.0344287
0.241005
0.0344287
0.08906
0.950432
0.0695089
0.241005
0.205924
0.0344287
0.436924
0.523433
0.404772
0.08906
0.241005
0.410217
0.241005
0.241005
0.205924
0.0344287
0.241005
0.0344287
0.0344287
0.0344287
0.241005
0.08906
0.0344287
0.0344287
0.241005
0.241005
0.444646
0.241005
0.0344287
0.0695089
0.241005
0.241005
0.241005
0.206576
0.241005
0.633575
0.0344287
0.241005
0.0344287
0.436924
0.0344287
0.444646
0.241005
0.439201
0.847534
0.0344287
0.241005
0.241005
0.241005
0.0344287
0.241005
0.241005
0.241005
0.241005
0.404772
0.0344287
0.513115
0.0695089
0.205924
0.439201
0.205924
0.241005
0.241005
0.241005
0.241005
0.0344287
0.0344287
0.241005
0.444646
0.0344287
0.436272
0.0344287
0.557861
0.0344287
0.74574
0.643893
0.205924
0.52571
0.0344287
0.0344287
0.241005
0.417506
0.241005
0.0344287
0.205924
0.950432
0.143112
0.404121
0.490153
0.205924
0.950432
0.404121
0.0695089
0.0344287
0.404121
0.557861
0.0344287
0.241005
0.0344287
0.205924
0.0344287
0.205924
0.0695089
0.717497
0.205924
0.547543
0.0344287
0.205924
0.205924
0.950432
0.950432
0.439201
0.241005
0.777891
0.820394
0.761503
0.950432
0.24601
0.950432
0.950432
0.401843
0.557861
0.241005
0.52571
0.205924
0.557861
0.205924
0.241005
0.143112
0.417506
0.847534
0.0344287
0.0695089
0.205924
0.205924
0.512804
0.0344287
0.0344287
0.950432
0.52571
0.557861
0.27315
0.143112
0.205924
0.0344287
0.0344287
0.643893
0.205924
0.49063
0.0695089
0.371042
0.241005
0.439201
0.241005
0.205924
0.0695089
0.241005
0.0344287
0.205924
0.241005
0.241005
0.0695089
0.0344287
0.728874
0.0695089
0.241005
0.728874
0.847534
0.0695089
0.206576
0.728874
0.847534
0.557861
0.557861
0.205924
0.404121
0.557861
0.241005
0.0344287
0.65347
0.241005
0.65347
0.241005
0.0695089
0.65347
0.241005
0.336614
0.241005
0.241005
0.205924
0.773931
0.0344287
0.241005
0.404772
0.241005
0.241005
0.241005
0.0344287
0.241005
0.241005
0.0344287
0.0344287
0.0344287
0.847534
0.241005
0.0695089
0.815383
0.241005
0.404121
0.0344287
0.241005
0.241005
0.0695089
0.241005
0.241005
0.371042
0.143112
0.205924
0.522781
0.0344287
0.241005
0.241005
0.0344287
0.0344287
0.241005
0.0344287
0.205924
0.241005
0.241005
0.773931
0.371042
0.241005
0.0344287
0.241005
0.241005
0.205924
0.241005
0.0695089
0.241005
0.0344287
0.205924
0.241005
0.205924
0.241005
0.847534
0.0695089
0.241005
0.205924
0.205924
0.241005
0.241005
0.241005
0.0344287
0.0695089
0.241005
0.439201
0.0695089
0.0695089
0.0344287
0.0344287
0.199547
0.0695089
0.65347
0.241005
0.773931
0.547543
0.0344287
0.241005
0.371042
0.0344287
0.241005
0.0695089
0.205924
0.0695089
0.241005
0.241005
0.241005
0.205924
0.0695089
0.241005
0.241005
0.205924
0.65347
0.241005
0.241005
0.569239
0.847534
0.439201
0.241005
0.241005
0.0695089
0.0344287
0.241005
0.547543
0.0344287
0.241005
0.241005
0.491281
0.0344287
0.0344287
0.241005
0.847534
0.727074
0.0695089
0.241005
0.0344287
0.410217
0.0695089
0.206576
0.206576
0.404772
0.0695089
0.0695089
0.950432
0.0344287
0.0695089
0.241005
0.0695089
0.206576
0.643893
0.0344287
0.0695089
0.206576
0.491281
0.205924
0.27315
0.643893
0.171496
0.491281
0.206576
0.206576
0.0695089
0.0695089
0.12414
0.0344287
0.206576
0.241005
0.206576
0.206576
0.206576
0.0695089
0.0695089
0.206576
0.0695089
0.643893
0.241005
0.205924
0.241005
0.0695089
0.205924
0.0344287
0.206576
0.491281
0.27315
0.206576
0.205924
0.205924
0.206576
0.241005
0.950432
0.847534
0.773931
0.950432
0.206576
0.621319
0.491281
0.0695089
0.847534
0.206576
0.829971
0.206576
0.241005
0.847534
0.241005
0.491281
0.241005
0.950432
0.143112
0.815383
0.491281
0.197744
0.206576
0.0695089
0.241005
0.491281
0.0695089
0.241005
0.491281
0.241005
0.241005
0.0695089
0.886071
0.205924
0.327781
0.0695089
0.523433
0.847534
0.886071
0.0344287
0.543583
0.950432
0.206576
0.0695089
0.241005
0.241005
0.206576
0.0344287
0.206576
0.206576
0.523433
0.0695089
0.205924
0.0695089
0.523433
0.0344287
0.847534
0.950432
0.241005
0.0695089
0.404772
0.0695089
0.491281
0.0344287
0.847534
0.0695089
0.491281
0.0695089
0.205924
0.0344287
0.241005
0.241005
0.241005
0.241005
0.0695089
0.241005
0.241005
0.241005
0.241005
0.197744
0.0695089
0.0344287
0.327514
0.241005
0.0344287
0.241005
0.557861
0.241005
0.314608
0.557861
0.241005
0.727074
0.12414
0.0344287
0.143112
0.0344287
0.205924
0.950432
0.171496
0.0344287
0.241005
0.241005
0.24601
0.0695089
0.327514
0.241005
0.241005
0.0695089
0.241005
0.0344287
0.241005
0.241005
0.444646
0.241005
0.241005
0.523433
0.241005
0.847534
0.08906
0.241005
0.241005
0.241005
0.513115
0.241005
0.523433
0.8644
0.557861
0.241005
0.241005
0.336614
0.241005
0.241005
0.241005
0.523433
0.241005
0.241005
0.0344287
0.241005
0.547543
0.241005
0.0344287
0.241005
0.8644
0.0344287
0.241005
0.79782
0.241005
0.557861
0.0695089
0.496726
0.401117
0.241005
0.241005
0.241005
0.950432
0.241005
0.241005
0.327514
0.241005
0.0344287
0.241005
0.241005
0.293085
0.08906
0.205924
0.327514
0.557861
0.0344287
0.241005
0.241005
0.327514
0.241005
0.0695089
0.293085
0.0344287
0.241005
0.531155
0.241005
0.241005
0.241005
0.444646
0.496726
0.241005
0.376048
0.327514
0.241005
0.241005
0.241005
0.327514
0.241005
0.241005
0.0695089
0.376048
0.0695089
0.241005
0.0344287
0.523433
0.0695089
0.444646
0.241005
0.0344287
0.241005
0.241005
0.0344287
0.241005
0.327514
0.241005
0.0695089
0.0344287
0.0344287
0.0695089
0.597036
0.547543
0.0344287
0.241005
0.241005
0.241005
0.0695089
0.444646
0.0344287
0.0695089
0.241005
0.241005
0.0695089
0.241005
0.241005
0.280179
0.241005
0.0344287
0.241005
0.241005
0.241005
0.241005
0.0344287
0.241005
0.241005
0.205924
0.0344287
0.241005
0.241005
0.241005
0.241005
0.206576
0.241005
0.0344287
0.557861
0.0695089
0.206576
0.383077
0.241005
0.0695089
0.0344287
0.241005
0.0695089
0.547543
0.950432
0.24601
0.0344287
0.0344287
0.0344287
0.79782
0.0695089
0.847534
0.0344287
0.847534
0.376048
0.456201
0.950432
0.0695089
0.0695089
0.847534
0.0344287
0.0695089
0.694923
0.0344287
0.847534
0.950432
0.847534
0.847534
0.0695089
0.0344287
0.950432
0.694923
0.0695089
0.0344287
0.0344287
0.0695089
0.0344287
0.0344287
0.0344287
0.0344287
0.143112
0.0344287
0.410217
0.0344287
0.0344287
0.0344287
0.79782
0.79782
0.0344287
0.950432
0.0344287
0.694923
0.847534
0.79782
0.950432
0.79782
0.27315
0.847534
0.0344287
0.410217
0.0344287
0.694923
0.79782
0.491281
0.0695089
0.0344287
0.0344287
0.694923
0.0344287
0.0344287
0.79782
0.0344287
0.621319
0.0695089
0.0344287
0.513115
0.143112
0.491281
0.199547
0.79782
0.0344287
0.0344287
0.513115
0.694923
