2.44824
1.67286
2.48497
1.59854
2.35907
1.83201
1.78278
2.31611
2.13897
1.42094
2.104
2.13215
2.19573
2.30861
1.66084
2.35707
1.41212
1.9996
2.13859
1.78799
2.50637
1.4921
2.13083
2.13667
1.56357
1.56127
1.7339
2.07813
2.39877
1.31408
1.89047
1.8442
1.68775
2.08724
1.61406
2.34818
2.31346
1.88995
1.90513
1.97929
2.57363
1.64913
2.20665
1.82722
1.5041
1.49383
1.71379
2.49992
1.97656
1.49181
1.70071
2.29234
2.08048
2.05342
2.13215
2.11817
1.74095
1.70503
1.8733
2.31533
2.19573
1.71353
1.73955
2.47757
2.52856
2.20127
2.17343
1.8143
2.41686
1.48847
1.71668
2.03561
2.4255
2.23918
1.73247
1.90571
1.52699
1.61945
2.20502
1.93642
2.7262
1.92808
1.31408
1.54132
1.81942
1.48181
2.45297
2.104
2.28978
1.98579
2.58507
1.93393
1.51517
1.88434
2.06165
2.02314
2.3015
1.92637
2.14456
2.01206
2.30061
2.1123
1.72542
1.51236
1.93149
1.75293
2.06916
1.77067
2.06664
1.60348
1.55127
1.6203
1.91633
2.28461
2.32634
1.96523
2.24234
2.2036
1.99251
1.77468
2.12484
1.58199
1.97929
2.38589
2.28344
2.25569
2.35907
1.82289
2.14267
2.22344
1.97656
1.68775
1.35105
1.92202
1.65511
2.28251
1.66983
2.09955
2.40269
2.68003
1.76204
1.89047
1.70867
2.31015
2.11894
1.91483
1.48718
1.13726
1.97656
1.92868
1.72321
1.89755
2.62281
2.65981
1.69311
2.12271
1.86472
1.8992
2.32383
2.1577
1.60044
1.69378
2.17345
2.29234
2.23419
2.86398
1.85103
1.33922
2.25973
2.42109
2.24447
1.69337
1.51838
2.22694
1.59762
1.83173
2.62844
1.31408
2.36949
1.95038
1.40078
1.95856
1.2841
1.22701
1.45923
2.0686
1.3029
2.1393
1.2419
1.65151
2.35303
1.31211
1.92912
1.85212
1.7427
2.41881
1.45311
1.4713
1.60867
1.97414
1.29959
1.27578
1.43459
1.95281
1.86641
1.66921
1.50302
1.92337
1.56841
1.74973
1.79066
1.82351
1.92912
1.21377
1.2419
1.4698
1.2929
1.51209
1.5691
1.37969
1.61772
1.71547
1.8586
1.95894
1.26226
1.42956
1.77712
1.87249
1.68157
1.47781
1.70419
1.36939
1.29959
1.6321
1.83287
2.10841
1.21497
2.00808
1.36814
1.63958
1.69035
1.27035
1.93108
2.04216
2.32754
2.23148
2.15527
1.97943
1.93958
2.16784
1.72874
1.60816
1.92075
1.63784
2.0661
1.84656
2.02673
1.2419
1.81202
1.83332
1.41124
1.63552
1.99143
1.85051
1.28139
1.29959
1.73537
1.92742
1.83029
1.72828
1.76068
1.66665
1.70419
1.32474
1.92912
1.30163
1.26921
2.2335
2.15559
1.63657
2.06105
1.79958
1.3903
1.70226
1.6199
1.75925
1.37969
1.79398
1.92912
2.0686
1.97943
1.94458
1.39014
1.99918
2.00319
1.97215
1.33922
1.70713
1.50302
1.3903
2.44674
1.42399
1.95281
1.43786
1.82036
1.38089
1.33922
1.56944
1.79875
1.80292
1.9182
1.69922
1.35105
1.44756
1.1668
1.57311
1.66826
1.49512
1.48833
1.64463
1.92388
1.51819
1.11969
1.61361
1.63356
1.80998
1.65548
1.76996
1.35105
1.66142
1.33922
1.45939
1.33922
1.33922
1.35105
2.11505
1.87983
1.61608
1.3611
1.58194
2.28301
1.96464
1.66621
2.50234
1.54568
2.12254
1.37662
1.39877
1.42868
1.5329
1.29474
1.5348
1.93076
1.54509
1.35105
1.33922
1.80717
1.60184
1.35105
1.35105
1.1668
1.45322
1.2419
1.47
1.8114
1.46124
1.35105
1.79713
1.33922
1.33922
1.90619
1.6465
1.50764
1.34724
1.33922
1.93315
1.72724
1.33922
1.26468
1.21622
1.35105
1.29132
1.53877
1.43751
1.53772
1.33922
1.41369
1.29702
1.33922
1.15445
1.98764
1.88282
1.44819
1.65894
1.35105
1.46504
1.33922
1.55259
1.35105
1.33922
1.5544
1.49016
1.44756
1.41117
1.71927
1.35105
1.33922
1.33922
1.32916
1.45322
1.56611
1.2516
1.15445
1.30163
1.33922
1.33922
1.77804
1.33922
1.30484
1.74683
1.3505
1.63202
1.48727
1.30163
1.33922
1.59602
1.15445
1.78382
1.45037
2.43617
2.72735
1.33922
1.35105
1.31015
1.45939
2.25459
1.60184
1.32415
1.10733
1.49448
1.18199
1.68006
1.26536
1.45204
1.33922
2.72735
1.79415
1.43501
1.61431
1.42615
1.64463
1.65229
1.44757
1.21903
1.44756
1.44756
1.83905
1.63356
1.75683
1.58663
1.7419
1.67505
1.44511
1.17948
1.35105
1.44756
1.21807
1.76463
1.88887
1.33922
1.43751
1.86128
2.28301
1.46245
1.55199
1.35105
1.55246
1.52835
1.45303
1.33922
2.0818
1.60953
1.66664
1.55863
1.45303
1.33922
1.45939
1.5222
1.40997
1.23337
1.92254
1.30163
2.35981
1.35105
2.084
1.61976
1.40997
1.23189
1.33922
1.31645
1.54208
1.59764
1.33922
1.61608
1.37657
1.33922
2.11163
1.63775
1.44991
1.88375
1.6042
1.61827
1.89057
1.54208
1.35105
1.35105
1.67131
1.82388
2.54615
2.71103
1.69573
2.27515
1.90985
2.45522
2.71103
1.81308
1.35105
1.79999
2.71103
1.33591
1.80998
2.27014
2.08417
2.36524
1.27578
1.82226
1.48906
2.52098
2.54615
1.82388
2.71103
1.26921
2.02662
1.41026
1.66649
1.6348
1.32713
1.50853
1.44854
1.33997
1.77473
2.00274
2.25414
1.33997
2.09423
1.5534
1.66032
2.20061
1.72423
2.28704
2.40478
1.69805
2.48941
2.00294
1.26921
1.33922
1.38746
1.70218
1.59193
2.30453
1.74817
1.33922
2.60017
1.82388
1.44991
1.72397
2.11037
1.62419
2.03277
1.86972
1.63848
1.67745
1.2419
1.65429
1.71217
1.73308
1.67158
1.73338
2.32736
2.01688
2.22343
1.65835
2.43915
1.74307
1.65041
1.45322
2.71103
1.9137
1.85603
1.43644
1.91029
1.61913
1.37854
1.63936
2.11401
1.71098
1.82388
1.74307
1.69909
1.35663
1.39044
2.40478
2.54615
1.33922
1.94724
1.49002
2.1611
1.64414
1.24453
1.46375
1.82388
1.96841
2.21306
1.75563
1.33922
1.94687
2.10071
1.33922
1.74307
1.87812
2.16689
1.84097
1.81989
1.37854
1.93688
2.27118
1.85669
1.97317
1.96318
1.33922
2.41343
1.9113
1.33922
1.89316
1.5853
2.08287
2.0176
1.70781
1.33997
1.47768
2.45431
1.8654
1.45705
1.1976
1.33922
1.77032
1.44948
1.48239
1.37751
1.87045
1.69573
1.33922
1.51657
1.33922
1.46191
1.06075
2.08811
1.31623
1.90507
1.96012
1.38517
2.10206
2.08811
1.63734
1.42344
1.52125
2.32273
1.79435
1.60348
1.53706
1.54895
1.75923
1.12921
1.44576
1.33745
1.32415
1.12921
1.52492
1.41685
1.43459
1.27929
1.92606
1.33922
1.36622
2.10984
2.19901
1.38517
1.39922
1.21812
1.61163
2.12053
1.44513
1.81269
1.71142
1.35105
1.3029
1.70253
2.32394
1.64763
1.43459
1.60973
1.52138
1.50852
1.99096
1.35105
1.62222
1.35234
2.19901
1.55517
1.35105
1.24012
2.26018
1.33922
2.09495
1.81998
2.26075
1.35801
1.39807
1.25526
1.59373
1.15789
1.43436
1.33745
1.29959
1.57856
1.44875
1.99096
2.09495
1.66818
1.37305
2.00753
2.12053
1.37812
1.61738
1.35446
1.33922
1.71789
1.80383
1.235
1.53521
1.34611
1.5445
1.35422
1.12921
1.61537
2.28186
1.31473
1.39153
1.50584
1.38417
1.80284
1.71121
1.49454
1.69929
1.17493
1.48937
1.70253
2.58804
1.09268
2.24079
1.52954
2.28471
1.33922
1.91734
1.22829
1.34569
1.35105
1.33745
1.33922
1.29284
1.91595
1.35271
2.10984
1.44948
1.12921
1.13028
1.36447
1.80394
1.33745
2.03551
2.31736
2.00753
1.3029
1.3029
1.143
1.33922
2.2842
1.33922
1.06075
1.47992
1.70132
1.38958
1.91079
1.29741
1.51127
1.15789
2.04443
1.43252
1.33922
1.53101
1.3604
2.19901
1.44495
1.58181
1.50961
1.54895
1.85891
1.22701
2.03497
1.37804
2.28471
1.84197
1.12921
1.24526
2.19901
2.19901
1.7858
1.1668
1.95406
2.19901
1.36489
2.28471
1.61771
2.11305
2.00583
2.01187
1.21881
1.71295
2.21485
1.28346
1.80917
1.35882
1.68596
1.78638
1.5874
1.33922
1.83441
1.17256
1.9843
1.74061
1.28346
1.69134
1.82291
1.83128
1.35105
1.33922
1.59261
1.65372
1.28346
1.79427
1.82966
1.75736
1.74258
2.257
1.73963
1.35105
2.55431
2.32226
1.85382
1.63813
2.50099
1.48029
1.85437
2.18496
1.82024
2.18945
1.33922
1.77878
1.35882
1.67468
1.94258
1.33922
1.48029
1.78086
1.68311
2.0513
1.49122
1.5176
1.89245
1.83441
1.96318
1.32898
1.35105
2.09387
2.18496
1.33922
1.33922
1.84655
1.87036
1.33922
2.17449
2.149
2.09622
1.87525
1.76709
2.0686
2.07697
1.6981
1.504
1.91402
1.68082
2.00705
1.69993
1.39986
1.85858
1.78638
1.88384
1.21632
1.9536
2.03032
1.80801
1.3755
2.195
1.946
2.22572
1.78099
1.33922
1.38461
2.04803
1.67336
1.22756
1.25864
1.26847
1.89053
1.40427
1.66329
1.96801
1.8586
1.33922
1.22756
2.18496
2.12904
1.38845
1.80022
2.18496
1.85894
1.63291
2.12274
1.81759
2.14631
1.31473
1.21632
1.6698
1.41296
1.87241
1.67821
1.28346
1.81318
1.74258
1.7912
1.82721
1.28346
1.33922
1.29284
1.86929
1.84145
1.91615
1.73713
1.27578
1.33922
1.95886
2.2722
1.33922
1.29158
1.33922
1.64445
1.89222
1.76885
1.82239
2.0686
1.89958
2.17319
1.88744
1.28346
1.9802
1.70066
2.29175
1.73509
1.74426
1.76913
2.23834
1.41269
1.73861
2.15135
2.41143
2.0686
1.73383
2.20066
1.68311
1.35882
1.71732
1.33922
1.43406
2.02411
1.81714
1.65372
1.33922
2.32501
1.35872
1.81647
1.33922
1.69134
2.03814
1.28346
1.76634
1.46414
1.28346
1.81024
1.83719
2.03358
2.19911
1.28346
1.25404
2.32633
2.26748
1.33922
2.00128
1.33922
1.43365
1.55014
2.18496
1.67821
2.36698
1.75264
2.41143
1.29158
1.33922
2.23817
2.15877
1.84655
1.70119
1.52606
1.33922
1.67468
1.758
1.25727
1.35882
1.16292
1.33922
1.33166
2.12565
1.29284
1.68668
1.28346
1.96318
1.31473
1.62112
2.35689
1.33922
1.75232
1.77555
1.33922
1.64138
1.7065
1.62587
1.45504
1.6047
1.29158
1.61971
1.35882
1.33922
1.83556
1.98341
1.82922
2.03751
2.08622
1.6244
1.28346
1.82359
1.34383
2.02945
1.30994
1.28524
1.9843
1.41599
2.17217
1.65785
1.28346
1.96482
2.39031
1.73752
1.6047
1.78617
1.33922
1.61851
1.78981
2.51003
2.17157
1.93901
2.17639
2.17013
2.58945
1.75923
2.15947
2.16741
2.32058
2.23525
2.30313
2.13545
2.30313
1.84807
2.07083
2.00836
2.7262
2.30763
1.94649
1.78404
1.75904
1.92755
2.11676
2.42143
2.11141
2.33863
1.35105
2.27434
2.12604
1.93313
2.46348
2.61393
2.07451
1.91712
1.95776
2.0947
1.94096
2.18687
1.33922
1.76679
2.19055
1.9645
2.32187
1.99171
2.23742
2.19827
1.89794
2.13177
2.47316
1.9548
2.06414
1.71707
2.14281
2.01475
1.86588
1.91957
2.28191
1.9098
1.78364
1.97092
1.93552
1.9548
2.28186
1.90343
2.24486
2.25352
1.69797
2.60455
2.4726
2.01166
1.99894
2.13037
2.22378
2.28191
2.16909
2.45486
2.22594
1.33922
1.85991
1.47262
1.33922
1.81388
1.87212
1.33922
2.16163
2.11762
2.48278
1.98296
2.00002
1.95124
2.14564
2.01326
2.55059
1.94513
2.47854
1.73025
1.95492
2.30938
1.86113
2.37659
2.40728
1.33922
1.87339
1.5672
1.84879
2.05118
2.15817
1.50852
1.3653
1.29158
1.29158
1.35105
1.33922
1.3959
1.33922
1.86115
1.35105
1.34011
1.33922
1.33922
1.35105
1.35105
1.29158
1.35105
1.33591
1.36742
1.29158
1.7624
1.35105
2.35542
1.27036
1.97622
1.33922
1.33922
1.29158
1.25437
1.29158
1.35105
1.35105
1.35105
1.34011
1.33922
1.31912
1.35105
1.41222
2.09111
1.80128
1.35105
1.34342
1.33922
1.33922
1.2697
1.33922
1.33922
1.33922
1.33922
1.25456
1.33922
1.33922
1.37434
1.35105
1.35105
1.33922
1.55645
1.57217
1.35105
2.25866
1.29158
1.33922
1.242
1.35105
1.37535
1.41944
1.35105
1.35105
1.33922
1.35105
2.56247
1.98871
2.5156
1.33922
1.30399
1.33922
1.33922
1.33922
1.35105
1.33922
1.29158
1.77627
1.86972
1.86278
1.33922
1.33922
1.578
1.63906
1.35105
1.33922
1.33922
1.74173
1.35105
1.33124
1.33922
1.92456
1.69251
1.35105
1.33922
1.6914
1.35105
1.29158
1.31979
1.33922
1.33922
1.46245
1.93706
1.74726
1.33922
1.35105
1.33922
1.57671
1.27645
1.33922
1.33922
1.35105
1.35105
1.35105
1.71756
1.35105
1.35105
1.33922
1.29158
1.35105
1.35105
1.58591
1.3653
1.36345
1.82739
1.33922
1.33922
1.30399
1.33922
1.82851
1.72245
1.35105
2.40276
2.40276
2.40276
2.40276
2.21331
2.40276
2.40276
2.27669
2.27669
2.27669
1.3517
1.25456
1.57264
1.30399
1.81007
1.39483
1.33922
1.33922
2.00367
1.58591
1.35142
1.2697
2.13537
1.92099
1.44991
1.63906
2.19402
1.33922
1.35105
1.29158
1.33922
1.88407
1.34082
1.43292
1.25526
1.72305
1.66509
1.911
1.389
1.31473
1.33922
1.33922
1.33922
1.48526
1.79449
1.43644
1.54208
1.3029
1.38931
1.45745
1.93976
1.93084
1.31473
1.33922
1.46146
1.54208
1.34654
1.35689
1.36751
1.33922
1.31473
1.61601
2.75615
1.57989
2.49272
1.96408
1.34654
1.33922
1.31473
1.35105
1.61098
1.53622
1.3029
1.91308
1.62919
1.31473
1.33922
1.35105
1.69399
1.33922
1.33922
1.5051
1.7427
1.21736
1.54762
1.33922
1.69808
1.38832
1.50645
1.48526
1.33922
1.66509
1.51841
1.97353
2.0137
1.37328
1.33922
1.33922
1.36924
1.42723
1.31473
2.38552
1.58672
1.33922
1.40518
1.39562
1.61598
1.31473
1.33922
1.9595
1.83342
1.52591
1.20511
1.31473
1.33922
2.11495
1.53077
1.33922
1.54208
1.5051
1.33922
1.42801
1.33922
1.25526
1.44583
1.33922
1.41437
1.33922
1.63468
1.40518
1.31473
1.67872
1.31473
1.5051
1.45502
1.49021
1.7427
1.2929
1.5051
1.41804
1.58457
1.82176
1.33922
1.33922
1.44967
1.33922
1.5272
1.4227
1.33922
1.33922
1.33922
1.33922
1.33922
1.69325
1.88482
1.68889
1.92918
1.33922
1.31473
1.21447
1.63652
1.62919
1.75305
1.34654
1.97294
1.37764
1.7427
1.56204
1.31473
1.66158
1.31473
1.45161
1.23936
1.5272
1.40518
1.44967
1.82975
1.66355
1.41382
1.33922
1.7509
1.33922
1.31473
1.35105
1.3029
1.33922
2.13859
1.43784
1.41382
1.66509
1.33922
1.32916
1.31473
1.7312
1.33922
1.33922
1.33922
1.65492
1.23337
1.31473
1.44136
2.07987
1.38134
1.60884
1.86349
1.42424
1.61835
1.73031
1.56356
1.33922
1.33922
1.23337
1.35105
1.69976
1.33922
1.33922
1.33922
1.34226
1.33686
1.61857
1.31473
1.70557
1.33922
1.29284
1.2828
1.397
1.69976
1.48265
2.2514
1.33922
1.43859
1.39193
1.54952
1.33922
1.31473
1.25166
1.2828
1.49542
1.33922
1.33922
1.33922
1.35105
1.5001
1.431
1.70507
1.33922
1.35105
1.33922
1.65937
1.33922
1.33922
1.31473
2.1729
2.31067
1.40893
1.25526
1.35105
1.85024
1.65241
1.35129
1.63074
2.23369
1.2697
1.33922
1.33922
1.69976
1.70522
1.93506
1.33922
1.55489
1.33922
1.52563
1.25526
1.33922
1.80579
1.49542
1.33922
1.2828
1.24574
1.33922
1.31473
1.97772
2.58796
1.63972
1.31473
1.33922
1.39193
1.33922
1.98591
1.32916
2.12548
1.29284
1.70507
1.24012
1.60595
1.4707
2.09128
1.23337
1.69196
1.52563
1.31473
1.34226
1.25166
2.20316
2.09274
1.67398
1.33922
1.23337
1.2828
1.33922
1.2828
1.90982
1.57506
1.33922
1.58145
1.77688
1.33922
1.31473
1.81324
1.65541
1.57158
1.73615
1.73615
2.55917
2.64032
1.33922
2.05749
2.24087
1.87742
1.51508
1.31029
1.59086
2.20035
2.24087
1.93005
1.85585
1.35105
1.70558
1.33922
1.33922
1.37662
2.07956
1.65443
1.94898
2.27585
2.2697
1.33922
1.70385
1.83823
1.79638
2.26352
2.28753
1.81354
2.50752
1.33922
1.80663
1.81901
2.5464
1.73578
1.35105
2.16649
1.33922
2.20253
1.33922
1.67631
1.77456
2.03394
1.27643
1.35105
1.33922
1.54493
2.01533
1.33922
1.33922
2.19493
2.27585
1.81053
1.33922
1.54033
1.33922
1.94903
1.33922
1.70385
1.615
1.69229
1.94247
2.55917
1.33922
1.67631
1.31403
1.67631
1.84433
1.67631
1.35105
1.33922
1.33922
1.68058
1.33922
1.9314
1.71949
1.67631
1.33922
2.27585
2.50752
2.01108
2.12288
1.33922
1.35105
2.13423
1.38845
1.75289
1.35291
1.68656
1.48714
1.33922
2.02051
2.33274
1.68656
1.80663
1.96008
1.80734
2.03236
1.7605
1.33922
1.33922
1.33922
1.59086
1.90136
1.77346
1.72556
1.84117
1.68564
1.56051
1.56051
2.02384
1.79199
2.11454
1.67631
1.88055
2.15558
2.55917
1.33922
1.64942
1.76526
1.31473
1.47342
1.31473
1.70902
1.94148
2.55917
2.50752
1.31473
1.33922
1.84524
2.02743
1.2794
1.2929
1.75364
1.31473
1.35587
1.33922
1.99443
1.9086
1.56739
1.33922
1.73757
1.68656
1.70385
1.54185
1.33922
2.50752
2.08108
2.29362
1.79479
2.01554
1.88106
1.33922
1.15956
1.68395
1.37358
1.33922
1.35105
1.741
1.73578
1.80559
2.55917
1.94326
1.78169
1.33922
1.27643
2.08128
1.76982
1.33922
1.33922
1.71088
1.33922
1.79932
2.02384
1.33922
2.02854
2.16613
1.35105
1.33922
1.13111
1.25526
1.33922
2.04413
1.54299
1.58341
1.81871
1.80713
1.85503
2.11413
1.86867
1.74633
1.33922
1.35105
1.33922
2.05767
2.55917
1.51625
1.33922
1.30163
1.33922
1.33922
2.05267
1.32916
1.64595
1.33922
1.33922
1.33922
2.20253
2.06091
1.33922
1.97543
1.68058
1.33922
1.33922
2.24198
1.9109
1.33922
1.33922
1.69784
1.81219
1.33922
1.73599
1.33922
1.33922
1.67142
1.67631
1.33922
2.29895
1.63747
1.33922
1.33922
1.35105
1.33922
1.33922
1.35105
2.33415
1.45071
1.5558
1.32252
1.33922
1.9523
1.27575
1.68206
2.0905
1.45812
1.82566
2.2798
1.87531
1.71144
1.48314
2.05435
1.33922
1.43249
1.75292
2.02403
1.33922
1.33922
1.7035
2.50687
1.38517
1.37044
2.36897
2.45522
1.33922
1.45762
2.2798
1.33922
1.90483
1.63394
1.29702
2.14769
2.50687
2.47854
1.64408
1.45071
1.33922
2.45522
1.75767
1.53901
1.86933
1.56888
1.53598
2.36679
1.29956
2.13818
1.59519
1.94351
1.75636
1.98009
1.99896
1.3429
1.56513
1.80938
2.12234
1.84944
2.1026
2.01966
1.33922
1.55283
1.43243
1.4598
1.2327
1.78432
1.87349
1.83202
2.24004
1.58605
1.79696
1.83202
1.44068
2.45522
1.95433
2.12976
2.45522
1.45071
1.83202
2.13786
2.33558
1.37481
2.24347
1.38517
1.55595
2.24953
2.02664
2.13217
2.08571
2.36468
1.488
1.75468
1.54037
2.24717
1.5867
2.08967
1.9961
2.44792
2.07178
1.42111
1.59933
1.89923
1.79696
1.7251
2.25806
1.45939
1.38575
2.36897
2.45522
2.2798
1.60181
1.44948
2.20061
1.29956
1.31221
1.92238
1.79541
1.93146
1.81953
2.3136
1.34171
2.21544
1.28139
1.92238
1.78432
2.22966
2.20868
1.2327
1.29956
2.36897
2.31162
2.05591
1.43243
1.78432
2.2798
2.29302
1.45179
1.35105
1.33922
1.43243
1.33922
1.25526
2.45522
1.87349
2.00567
1.49744
1.78443
2.06014
2.16889
1.81015
2.00758
1.2327
2.187
2.2798
1.52073
2.2798
1.94351
1.33922
2.36897
1.41294
2.04508
2.5802
1.3429
2.45522
1.76611
2.2798
2.2798
2.2798
1.99728
2.45522
2.08912
2.3096
1.79627
2.07937
2.42557
2.4225
2.61644
1.33922
1.72823
2.09821
1.54789
1.35871
2.08445
2.33489
1.35871
1.36489
1.68627
1.33591
2.16831
1.49433
2.36679
1.43243
1.94442
2.36679
2.2429
1.75612
2.13992
2.00743
1.54743
2.20061
2.19974
1.42749
1.43243
1.65043
2.36897
1.54969
1.43243
2.07819
2.38462
1.31224
1.71175
1.3636
1.43243
2.16353
1.43243
2.24675
2.15355
1.83175
1.29956
1.52879
1.7819
1.77508
2.16831
1.76006
1.34171
1.43243
2.043
1.92238
1.58725
1.43243
1.29956
1.43243
1.57073
1.56901
1.62506
1.56042
1.68547
2.03776
1.44428
2.42731
1.38517
1.32474
1.70998
2.25806
1.97239
1.9963
2.36897
1.47028
2.05476
1.81561
2.30884
1.34417
1.71358
1.83202
2.26063
1.43243
1.79671
2.05904
1.35871
1.33922
1.36803
1.83202
2.08912
1.99896
1.28803
1.55598
2.19877
1.29959
1.43243
1.42424
1.43243
1.45124
1.43243
1.33745
2.21544
1.88253
1.43243
1.42693
1.64798
2.16831
2.2798
1.63718
1.63678
1.83972
2.20061
1.63394
2.02059
1.33922
1.31473
1.25526
1.53483
1.26891
1.35105
1.35105
1.31473
1.31473
2.40132
1.72386
1.24702
1.31473
1.33922
1.99271
1.31473
1.82218
1.75966
1.33922
1.35105
1.33922
2.11954
2.12315
1.32753
2.03746
1.44297
1.33922
1.53228
1.68135
1.33922
1.34226
1.23337
1.33922
1.29158
1.31473
1.44564
1.31473
1.31473
2.40132
1.62807
2.00319
1.2828
1.33922
1.36223
1.50046
1.38589
2.09123
1.79853
1.54707
1.33922
1.93938
1.33922
1.33922
1.29284
2.28791
1.51039
1.44297
1.33922
1.33922
1.35105
1.33922
1.33922
1.53228
1.35105
1.38589
1.33922
1.5199
1.36092
1.38589
1.33922
1.33922
1.26891
1.40629
1.33922
1.72773
1.36511
1.62807
2.12315
2.19561
1.2828
1.33922
2.3517
1.31473
2.40132
1.31473
1.29158
1.36092
1.33922
1.33922
1.55086
1.33922
1.33922
1.93161
1.33922
1.2828
1.25526
1.25526
1.41149
1.59704
1.25526
1.31834
1.23337
1.21948
1.35105
2.11725
1.23488
1.25526
1.38589
1.33922
2.40132
1.94837
1.53228
1.33922
2.09882
2.05292
1.47006
1.64377
1.31473
1.33922
2.06027
1.54516
1.33922
1.33922
1.33922
1.33922
1.55827
1.35105
1.35105
1.34226
1.33922
1.55956
1.34226
1.55982
1.33922
1.80852
1.91002
1.35105
1.33922
1.35146
1.41709
1.35309
1.68218
2.40132
1.36223
1.33922
1.33922
1.50808
2.3517
1.33922
1.80491
1.34985
1.25526
2.11954
2.48283
1.47469
1.33922
1.33922
1.35105
1.2828
1.42885
1.33922
1.33922
1.53462
1.33922
1.33922
1.93697
1.33922
1.97281
1.31473
1.36092
1.33922
1.33922
1.24012
1.43732
1.45513
1.35652
1.66206
1.49627
1.36711
1.35105
1.31403
1.57531
1.71267
2.00107
1.60675
1.57158
1.50736
1.35114
1.34697
1.32898
1.65083
1.57186
1.30022
2.1529
1.47763
1.78082
1.42477
1.96009
1.24348
1.32173
1.41294
1.98165
2.05607
1.32658
1.34697
1.86097
1.35105
1.33922
1.40825
1.66608
1.73765
1.3285
1.80925
1.33922
1.33922
1.29299
1.35105
1.88318
1.29959
1.28003
1.29959
1.43556
1.21824
1.3029
1.72244
1.42477
1.26766
1.32898
1.42325
1.60959
1.37115
1.42477
1.47949
1.53957
1.44744
1.34697
1.68405
1.68469
1.83675
1.80612
1.84699
1.30842
2.06821
1.39639
1.99259
1.46029
1.98887
1.68988
1.89588
1.21824
1.67184
1.3653
1.33922
1.74974
1.34697
1.78082
1.74685
2.04647
1.89289
1.41953
1.98887
1.83602
1.60662
1.35105
1.34697
1.55369
2.64816
1.97905
2.07611
2.25589
1.43732
1.2697
1.46029
1.63536
1.91428
1.44756
2.00717
1.26766
1.376
1.33025
1.83642
1.65869
1.3575
1.35105
1.52806
1.5234
1.34697
1.80612
1.47376
1.46985
1.21824
1.74703
1.43572
1.70995
1.41294
1.32476
1.61127
1.83903
1.74685
1.91428
2.11191
1.72514
1.85656
1.35105
1.59069
1.43505
1.32125
1.31635
1.41821
1.31473
1.99057
1.49903
1.43503
2.02017
1.15677
1.38188
1.17552
1.23658
1.15704
1.3029
1.35105
1.47518
1.29856
1.62283
1.33922
1.23337
1.31473
1.33922
1.45358
1.35105
1.27438
1.46137
1.47035
2.02562
1.36112
1.47443
1.5475
1.33922
1.64847
1.40942
1.9203
1.2828
1.31473
1.36432
1.40385
1.47136
1.43839
1.26014
1.35105
1.42406
1.2828
1.33922
1.74784
2.62975
1.18325
2.10007
1.58227
1.43945
1.36934
2.14947
1.18431
1.33922
1.46257
1.73589
1.33922
1.47768
1.2828
1.2828
1.35105
2.13601
1.52119
1.45973
1.69625
1.33922
1.2828
1.62121
1.33922
1.33922
1.27438
1.79719
1.33922
1.15677
1.22131
1.33108
1.15677
1.24563
1.1491
1.30602
1.41305
1.49867
1.4496
1.85795
1.57406
1.09864
1.35105
1.44573
1.25391
1.43519
1.14694
1.33922
1.33922
1.13421
1.12616
1.23747
1.68261
1.96714
1.18431
1.33263
1.33922
1.35105
1.35105
1.13421
1.75017
2.00394
1.76974
1.09043
1.31473
1.42399
1.85247
1.61127
1.38066
1.47136
1.68242
1.2536
2.03767
1.26051
1.0734
1.85331
1.04586
1.24429
1.29697
1.35105
1.46257
2.03989
1.33922
1.19394
1.35105
2.58796
1.143
1.29158
1.23546
1.33922
1.40827
1.75938
1.40324
1.33922
1.40513
1.69362
1.23546
1.67569
1.31534
1.33922
1.96524
1.29158
1.28462
1.33922
1.05975
2.06189
1.31735
1.20508
1.56989
2.49185
1.44152
1.62657
1.33922
1.37655
1.75
2.15971
2.01718
2.21279
1.98398
1.99443
2.5883
2.40106
1.65677
1.2828
2.27792
1.93557
1.97107
1.9189
1.71773
1.93314
1.72824
1.49271
1.56021
2.66723
2.09327
1.33922
2.07126
1.78709
1.8256
1.88574
2.12814
1.88868
1.62765
2.46815
2.22455
2.08599
1.25829
2.31545
1.80995
2.05252
1.90216
2.04499
1.49271
1.52629
1.43177
1.41852
1.85381
2.34533
2.04274
1.34903
1.35105
2.07404
2.37385
1.85381
1.82627
1.95359
1.88305
1.81089
2.29089
1.56838
1.5323
2.20425
1.91237
1.73736
2.03618
1.31473
1.82767
1.65657
1.64021
2.149
1.80624
1.69124
1.59591
2.40495
1.96828
1.79413
1.75737
2.1471
1.45763
2.34942
1.40461
1.95866
1.87011
1.77923
1.60639
1.68394
2.2262
1.93388
1.80582
1.62765
2.63828
2.03618
2.39667
1.69402
2.38891
1.79005
2.63191
1.70059
1.94178
1.64907
1.64907
1.33726
2.08078
1.53812
2.34942
1.70549
1.65324
1.57945
2.18179
1.33922
1.74039
1.83752
2.08427
1.56838
2.19104
1.27575
1.64567
1.78419
1.95402
1.49663
2.13136
1.33358
1.77828
1.35105
1.71248
1.93035
1.72798
1.71732
1.24012
1.97038
2.14996
2.34942
2.34942
1.86571
1.33922
2.13486
1.54268
1.83466
1.33922
1.31473
1.33922
1.88563
1.29451
1.24012
2.29468
1.29035
1.78709
1.90665
1.33922
1.98873
2.21799
2.48738
1.65234
1.60362
1.99525
1.33922
1.49882
1.60347
1.65234
1.33922
1.22756
2.00422
2.21916
2.30684
1.62153
1.80582
1.82606
2.21799
2.20934
1.78419
1.60347
1.52629
2.04499
1.90267
1.16745
1.97338
1.31473
1.78419
2.00422
1.90941
1.9765
1.82627
1.80502
1.76945
1.73552
2.00237
2.63828
1.35105
1.52629
1.52629
1.94758
1.58195
1.78419
1.86137
2.27767
1.54649
1.74077
2.09964
1.78419
1.99308
1.67821
1.57945
2.32408
1.80582
1.82627
1.82627
1.78419
1.78419
1.59591
1.7558
1.78419
2.34942
1.85478
1.71529
2.00532
1.78419
1.41026
1.72451
1.12921
1.57945
2.21279
1.96909
1.50447
1.6813
1.35105
1.79947
1.93394
1.33922
1.62264
2.07607
1.60389
2.61234
1.82488
1.70667
1.3786
1.33922
1.33922
1.70667
1.98146
1.58459
1.47183
1.54393
2.12351
1.33922
1.61055
1.3595
1.71404
1.33922
1.33922
2.04161
1.35105
1.33922
1.33922
1.64191
1.44415
1.35267
1.20869
1.72622
1.52525
1.82247
1.75815
1.44971
1.33922
2.20563
1.89706
1.74434
2.04284
1.82247
1.20435
2.18303
1.61079
1.20869
1.66858
1.78768
1.4707
1.79947
1.56787
1.94502
1.65275
1.62184
1.63279
1.6813
2.10073
1.83122
1.56642
1.26382
1.24182
1.41926
1.33922
1.72035
1.93394
1.36983
2.04284
1.34084
2.25382
1.34714
1.82247
1.33922
1.72035
1.59971
1.55465
1.4487
1.77275
2.13942
1.26382
2.06339
1.54635
2.35907
1.33922
1.64024
1.33922
1.58459
1.62589
1.63188
1.56642
1.53621
1.33922
1.33644
1.61156
1.33922
1.84483
1.36983
1.72247
1.93394
1.84092
1.82247
1.26382
1.26382
1.57525
1.34084
1.58459
2.15187
1.33922
1.90061
1.82247
1.74378
1.26382
1.51097
1.50006
1.91185
1.37359
1.81519
1.3791
1.04819
1.5627
1.11665
1.27645
1.62017
1.71877
1.54042
1.11665
1.85537
1.68713
1.40653
1.69184
1.87755
1.82265
2.10911
1.6273
1.99515
1.4455
1.86752
1.69908
2.44584
2.10868
2.41839
1.79172
1.15445
2.58804
1.97319
2.07485
1.35105
1.78104
1.33922
1.29158
1.50425
1.67906
1.59633
1.46749
1.85537
1.64649
2.49214
2.13834
1.50559
1.57015
1.93567
1.32841
1.9341
1.45144
1.66598
2.05518
1.74846
1.82324
1.76026
1.55217
1.74685
2.08147
1.38911
1.63959
2.10883
1.51023
1.88642
1.50072
1.78475
1.29741
1.6165
2.16031
1.68582
1.81681
1.2806
1.66384
2.13342
1.32012
1.06723
1.90223
1.71016
1.53785
1.12854
1.29158
1.87099
1.50272
2.08913
1.95728
1.33767
1.51166
1.46803
1.82926
1.52186
1.67122
1.48757
2.08121
1.47082
1.35105
1.38392
1.71505
2.14199
1.55173
1.96124
1.54667
1.81421
1.27547
1.78443
1.33922
1.87153
1.55687
1.43501
2.10143
1.6792
1.58067
1.82065
1.76904
1.65409
1.11665
1.40511
1.44636
2.07158
1.34152
1.63238
1.96935
1.63556
1.9531
1.62765
2.28125
1.60399
2.03961
2.14316
1.61128
1.12921
1.37219
1.71859
1.33878
1.33922
1.31912
1.59808
1.41887
1.34226
1.73232
1.37859
1.47802
1.4514
1.63222
1.42265
1.55419
1.55403
1.87528
1.53034
1.70253
1.35105
1.51301
1.70086
1.54473
1.37859
1.53026
1.7463
1.35105
1.62132
1.82169
1.70329
1.83401
1.55419
1.50961
1.5658
1.72451
1.69911
1.38498
1.48586
1.23337
1.23337
1.33922
1.36105
1.68499
1.29284
1.43139
1.50594
1.54195
1.37887
1.29158
2.19634
1.43062
1.87775
1.29158
1.29581
1.70253
1.39825
1.96625
1.34226
1.72369
1.65615
1.35105
1.92926
1.33922
1.43139
1.99141
1.26409
1.70329
1.29284
1.22701
1.59668
1.97582
1.50961
1.6278
1.70329
2.58804
1.52289
1.96954
1.85715
1.71449
1.47543
1.35105
1.2419
2.41634
1.85948
1.20435
1.33922
1.64545
1.33922
1.45606
2.48738
1.84658
1.36748
1.62334
1.9556
1.75361
1.33922
1.2419
1.55919
1.62334
1.73765
1.39752
1.65473
1.52676
2.01148
1.21178
1.80126
1.16236
1.02946
1.8555
1.73151
1.33922
1.33922
1.8709
1.76496
1.35105
2.6369
1.58651
1.46471
1.32916
1.70419
1.8555
1.2419
1.83132
1.75361
1.46735
2.08478
1.2419
1.52676
1.73855
1.33922
2.20499
1.61089
1.67726
1.80612
1.65473
1.16059
1.52649
1.33922
1.96954
1.78422
1.815
1.33922
1.13491
1.85007
1.55848
1.09344
1.53837
2.16174
1.09344
1.20435
2.38913
1.61791
1.96954
1.64545
1.5673
1.5673
1.76496
2.33045
1.61791
1.52676
1.65473
1.3105
1.33922
1.80612
1.65473
1.64545
1.22945
1.65473
1.93479
2.01148
1.60862
1.64545
1.99625
1.61791
1.39441
1.58822
1.70985
1.96954
1.8555
2.10065
1.33922
2.09839
1.60862
2.10065
1.76496
2.11296
1.61791
1.35105
1.33922
1.64545
1.65473
1.25466
2.05128
1.60607
1.33922
1.96954
2.51026
1.33922
1.75132
1.33922
1.09344
1.76409
1.12098
1.33922
1.05251
2.42911
1.43207
1.32415
1.8555
1.32916
1.2419
1.16236
1.52649
1.33922
1.33922
1.33922
1.65473
1.74937
1.79076
1.18235
2.10065
1.62128
1.93012
1.71449
1.73151
1.33922
1.75132
1.74937
1.33922
1.96954
1.2419
1.85948
2.03569
1.49123
1.84917
1.81777
1.50225
1.81611
1.53311
1.68477
1.47751
1.49123
1.33922
1.6363
1.77082
1.55477
1.49123
1.73122
1.67563
1.94367
2.09175
1.7427
2.15657
2.07136
1.49123
1.49123
2.65091
1.75258
1.58842
1.66274
1.7564
1.78572
1.5994
1.49123
1.37169
1.50678
1.32106
1.66158
2.21037
1.49123
1.49123
1.55413
2.21853
1.49123
2.39554
1.70058
1.49123
1.6203
1.49123
1.54443
1.71415
1.84136
2.30605
1.97747
1.98066
1.43808
1.53471
1.49448
1.73381
2.12278
1.87077
1.78165
2.37705
1.42622
1.37144
1.49123
1.46893
2.00943
1.42041
1.41445
1.49123
1.24012
1.31224
1.84565
1.7427
1.46673
1.49123
1.43982
1.62983
1.70329
1.6712
1.63052
1.61494
1.66799
2.20463
1.49123
1.5867
1.32658
1.49123
1.41445
1.67853
1.61854
1.509
1.27645
1.61701
1.46893
1.43859
1.72809
1.85439
2.13033
1.48265
1.52564
1.66953
1.54715
1.39868
1.56235
1.77459
1.99208
1.70058
1.46958
1.53149
1.60837
1.67781
1.69207
2.07316
1.49123
1.49123
1.43808
1.49123
1.45511
1.40242
1.54406
1.55983
2.07523
1.58507
1.61594
1.82336
1.67326
1.94229
1.53609
1.65349
2.19241
1.66237
1.52874
1.78927
2.10455
1.39868
1.63445
1.7427
1.91867
2.15758
1.85295
1.55105
1.60629
1.55131
1.29552
1.35237
1.39297
1.71234
1.37054
1.58005
1.58967
1.63784
1.71415
1.75375
1.49123
1.6192
1.77892
1.49293
1.35784
1.47751
1.40081
1.57597
1.49427
2.43494
2.01174
2.22966
1.84069
1.58206
1.5348
1.7087
1.56341
1.7585
2.04357
1.40689
1.68419
1.6058
1.58447
1.55689
1.40727
1.43127
1.21497
2.21218
1.51951
2.46622
1.38916
2.14582
1.42436
1.40727
1.4148
1.36984
1.60075
1.52683
1.46716
1.8054
1.507
1.44788
1.7029
1.52162
2.02437
2.08672
1.57603
1.96998
1.46288
1.69033
1.46005
1.54234
1.4466
1.44297
1.55918
1.84279
1.65818
2.51026
1.52994
1.69207
2.07316
1.71941
2.05272
1.60296
1.82334
1.5411
1.64479
1.3768
1.47004
1.70182
