0.908073
1.22092
0.783228
0.700143
0.655738
1.15504
0.759009
1.21891
0.57793
1.14463
0.938209
0.700143
0.479048
0.525595
0.700143
1.19979
0.660102
0.700143
1.12653
1.17233
1.07588
0.643079
0.700143
0.612048
0.700143
0.612048
0.896215
1.03979
0.692917
0.944115
0.700143
1.35964
1.88523
0.688732
1.3851
1.03249
0.612048
0.960952
0.700143
1.15203
1.26901
0.700143
0.643079
0.669277
0.612048
1.45278
1.33928
0.612048
1.0992
1.24636
0.941168
0.872857
1.20612
1.36889
0.700143
0.669277
1.20377
0.655738
0.629693
0.999964
1.03823
0.612048
1.27597
0.643079
0.965137
0.844446
0.578711
0.525595
0.612048
0.450648
0.700143
1.04864
0.688732
1.58439
0.629693
0.688732
0.612048
0.603074
1.18745
1.07744
0.700143
0.688732
0.688732
0.741481
0.700143
0.960952
0.643079
1.07588
1.14463
0.579268
0.700143
0.612048
0.616233
0.612048
1.46898
0.549451
0.793358
1.20191
1.54291
0.484302
0.995008
1.08885
0.700143
0.588941
0.759009
0.612048
0.643079
0.700143
1.0181
1.32453
0.700143
0.700143
0.998018
0.492508
1.55974
0.700143
0.964103
0.564469
0.612048
0.872857
0.700143
0.629693
1.27431
1.67982
0.82003
0.612048
0.700143
0.484302
0.629693
0.778377
1.27597
0.700143
0.790522
1.04051
0.756338
1.09967
0.603074
1.51709
0.692917
0.612048
1.33928
0.688732
1.14463
0.490049
1.7146
0.612048
1.24569
0.815858
0.991108
0.655738
1.18714
1.00523
0.629693
1.14629
0.669277
0.636068
0.940949
1.33876
0.583964
0.629693
1.04712
0.700143
0.8096
0.948473
0.61776
1.32083
0.965137
0.801689
0.700143
0.643079
1.22963
1.15203
0.688732
0.612048
0.643079
0.700143
0.692917
1.26415
1.02411
1.07835
1.20514
0.700143
0.61776
1.1685
0.692917
0.874431
1.09303
1.14629
0.926288
0.48999
1.19117
0.833624
0.700143
0.62617
0.706289
0.616168
1.59536
1.14009
1.09345
1.65323
0.719703
1.10518
0.700143
0.700143
1.13066
0.854897
0.569553
1.31433
1.44228
1.47576
0.887747
1.47432
1.21143
1.4185
1.14604
0.700143
1.0617
0.864093
0.62617
1.15943
0.745209
0.974607
1.00928
0.916927
0.764959
1.03804
1.47576
1.43897
0.688732
0.700143
0.743654
0.700143
0.897016
1.03524
1.70456
1.3746
1.04285
0.783034
0.552766
0.904269
0.729532
0.907392
0.612048
0.57978
0.700143
0.709999
1.48128
1.09032
0.98098
1.03916
1.78459
0.544197
0.785326
0.820797
0.891769
1.64137
0.796926
0.700143
0.669112
1.17752
0.612547
1.26876
1.15263
0.612048
0.700143
0.668544
1.3983
0.62617
0.558849
1.70515
1.4285
1.52552
0.726867
1.24323
0.700143
1.3253
1.05796
0.688732
0.584533
1.33455
1.41951
1.55103
1.60041
0.612048
1.24886
0.664804
0.669112
1.1942
0.989525
0.630598
1.02016
0.612048
0.437946
0.649683
0.612048
1.64295
0.745796
1.4185
0.94041
1.4508
1.53511
0.669112
0.682156
0.692917
0.861139
0.994354
1.38753
1.55883
0.612048
0.979332
0.796926
0.612048
0.792049
0.57978
1.7423
0.700143
1.17257
0.806905
1.1633
0.612048
0.700143
0.978762
0.62617
0.896918
0.754258
1.71763
0.517957
0.931399
1.38749
0.700143
0.849944
1.10367
0.970321
0.616732
0.498424
1.35013
0.68061
1.13142
1.16492
0.616732
0.616732
0.546899
0.700143
0.616233
0.523758
0.598087
0.561328
1.53378
0.615144
1.19317
0.629693
1.35013
0.49099
0.643079
1.05576
0.629693
0.629693
1.10367
0.643079
0.700143
0.977267
0.643079
0.700143
1.33816
0.700143
0.527672
0.700143
0.700143
1.10367
1.03124
0.700143
0.700143
0.7205
1.26003
0.598087
0.583964
1.38814
1.5497
0.616732
0.484302
0.632312
0.700143
0.612048
0.69273
0.700143
0.69273
0.833865
0.700143
0.629693
0.503835
0.659923
0.700143
0.739902
1.17383
1.16196
0.974634
0.718537
0.883147
0.740249
0.929007
1.33602
0.700143
0.966608
0.643816
0.700143
0.700143
0.612048
0.91141
1.16074
0.700143
0.629693
0.700143
0.612048
0.643079
0.700143
1.17267
0.700143
0.767542
0.700143
0.537346
0.793635
0.558849
0.637009
0.700143
0.7205
1.11808
0.818042
0.643079
1.77721
0.629693
0.583964
0.700143
0.629693
0.643079
0.740249
1.29451
0.673383
1.53378
0.629693
1.12188
0.643079
0.643079
0.643079
0.700143
0.890191
1.35985
0.779358
0.986045
0.541795
0.629693
1.00905
0.503835
0.629693
0.700143
0.700143
0.558849
0.588941
0.629693
0.700143
0.700143
1.17163
0.517957
0.700143
1.33816
1.09926
0.657201
0.612048
0.700143
0.740249
0.700143
1.47821
0.700143
0.700143
0.700143
0.899619
1.11272
0.657201
0.546899
0.643079
0.91141
1.49056
1.49056
1.09319
1.52561
1.26531
0.727978
0.923846
0.675874
0.779621
1.18639
0.979292
1.27955
1.08206
1.3688
0.889467
1.04906
0.784827
1.16173
0.872949
0.796166
1.60484
0.872922
0.739005
1.04819
0.872922
0.815858
1.92965
0.946161
0.643079
0.746998
1.07973
1.05813
1.36956
0.700143
0.722557
0.978583
1.11836
1.54267
0.948671
1.00313
1.44034
1.04906
0.907382
1.00148
0.948671
1.1444
1.13688
1.43278
0.815858
1.28674
1.16419
1.06514
0.814599
1.64392
0.715365
1.28925
0.815858
0.921935
0.872922
1.32912
0.989018
1.20537
0.784827
1.07634
1.24358
1.49056
1.35747
1.46477
1.13348
0.960439
0.656343
0.872922
0.896202
1.10357
1.20537
0.927229
1.22168
1.15095
0.987387
1.26561
1.26064
1.18442
1.16236
1.12868
0.954725
1.26061
0.83583
1.01935
1.22971
1.39266
1.09904
1.14946
0.675874
0.889467
1.07052
0.908843
1.00413
0.960952
1.48217
0.872949
0.727978
1.1967
1.01898
0.872949
1.12363
0.889467
0.919777
0.905943
0.980512
1.0602
0.926142
1.21232
0.949794
0.872949
0.882805
0.996923
0.949619
0.784827
1.45607
1.71438
1.43519
1.10407
0.784827
1.49056
1.58619
1.26125
0.560238
1.52203
0.874844
1.09075
1.08206
1.13688
0.689327
1.1045
1.19855
1.25459
1.02504
0.934899
0.740198
0.917638
1.3177
0.635105
0.983018
0.784827
1.10189
0.894235
1.5312
1.61825
1.02456
1.24358
0.945816
0.915009
0.963301
0.835995
1.36956
1.0796
1.37883
1.57556
1.26756
0.930835
1.44244
1.02879
0.872922
0.981956
0.857198
1.14858
0.990141
0.872922
1.1838
1.4159
0.783722
1.0081
1.28602
1.20348
1.26756
0.714211
0.784827
0.95814
1.36174
1.27438
1.50034
1.28925
1.27716
0.940376
1.14941
1.85948
0.826913
0.715365
0.939906
0.981956
0.999584
0.843039
1.09471
0.865832
1.44819
1.12721
0.847084
0.784252
1.57974
0.779648
0.729353
1.08423
0.779621
1.07052
0.849113
0.94832
1.13357
0.812748
1.08112
1.11639
1.04869
0.837871
1.107
1.00517
0.908843
0.919777
0.76212
1.00849
0.934401
0.939906
0.79895
1.10351
0.905946
1.47077
1.42216
0.88641
0.942702
0.980889
1.13432
0.784827
1.08468
0.987378
0.713192
1.06143
0.533161
0.700143
0.700143
0.922939
0.655738
0.545266
0.59831
0.688732
0.700143
0.688732
0.597566
1.22785
0.480117
1.40874
0.700143
0.688732
0.700143
1.33982
1.20993
1.08903
1.24497
1.3267
0.688732
0.480117
1.00457
1.02494
1.11996
0.612048
1.48096
1.42621
0.727789
0.700143
0.597566
1.19337
0.688732
1.02494
0.564799
1.14313
1.08903
1.19337
0.564799
1.16538
0.688732
0.51463
0.688732
0.688732
0.700143
0.597566
1.26261
0.688732
0.688732
0.688732
0.700143
0.700143
1.3053
0.688732
0.584756
0.480117
0.480117
0.688732
1.14207
0.700143
0.59831
0.545266
0.700143
0.700143
0.688732
1.02494
1.07798
0.480117
0.700143
1.07996
1.16061
1.3267
0.688732
0.584756
0.655738
0.688732
0.688732
1.29115
0.545266
0.584756
0.700143
0.480117
0.480117
0.59831
0.688732
0.49965
0.700143
0.688732
1.16061
0.700143
0.741776
1.51696
0.700143
0.700143
0.700143
1.29115
0.688732
1.3267
0.989874
0.922939
0.700143
0.612048
1.27849
1.14897
0.545266
0.688732
0.545266
1.01846
0.688732
1.10962
1.18196
0.652615
0.480117
1.24497
0.700143
0.688732
0.688732
0.655738
1.62573
0.655738
0.700143
0.666506
0.700143
1.03883
0.666506
0.655738
0.700143
0.688732
1.10423
0.951526
1.19664
0.804275
1.1071
0.586229
1.42816
1.70107
0.658403
0.781875
0.658403
1.40574
1.29132
0.700143
0.700143
0.694622
0.709999
0.709844
0.700143
0.52108
0.456254
0.729428
1.3814
1.33979
0.692059
0.700143
1.17233
0.700143
0.842186
1.42874
0.700143
0.700143
0.700143
0.658403
1.44324
1.03891
1.24756
0.764653
0.658403
1.80471
1.26037
0.700143
1.40574
0.670941
1.48631
0.81371
0.544197
0.658403
0.658403
0.961377
0.643079
0.643079
1.74478
0.643079
0.643079
0.842186
0.696123
0.692059
0.643079
0.667982
0.658403
0.700143
0.981568
0.643079
0.700143
0.643079
0.916053
1.76163
0.700143
1.80471
0.671864
1.20247
0.699094
0.700143
0.649228
0.643079
0.700143
0.937584
1.27262
0.700143
0.764653
0.700143
0.643079
0.673751
1.44467
1.39635
0.700143
0.643079
0.495175
1.07033
0.582218
1.05576
0.643079
0.688732
1.24711
1.39871
0.49294
1.72109
0.700143
1.36274
0.643079
0.700143
1.05576
0.692059
1.27726
0.700143
0.700143
0.700143
1.61008
0.700143
1.12746
0.700143
1.29231
0.657201
0.700143
0.643079
1.40827
0.700143
0.700143
0.586229
1.07296
0.643079
0.892573
0.691397
0.715896
1.07061
1.58217
0.700143
0.700143
0.616233
1.35346
0.674847
0.700143
0.763442
0.753471
1.75612
1.49301
0.700143
1.0914
0.700143
1.6076
0.756824
1.6324
1.15222
0.700143
0.643079
1.04408
1.04408
0.600229
0.700143
1.27269
0.874552
0.700143
0.769993
0.700143
0.80988
1.16917
0.811485
0.817325
1.49622
0.647264
0.643079
1.34135
1.24701
0.700143
0.595575
0.700143
1.6179
0.700143
1.30661
0.672877
0.700143
1.55213
0.700143
1.47889
0.686682
0.665589
1.59462
0.700255
1.15903
1.27269
0.700143
1.32213
1.27004
1.46882
0.694256
1.53526
0.86623
1.29568
0.700143
0.759405
1.04498
1.16018
0.811485
1.15222
1.30712
0.737884
1.41127
0.535897
1.69207
1.0419
0.492508
0.751122
1.5275
1.05576
1.20575
1.23377
1.06845
0.730448
1.20575
1.57376
0.687973
0.71994
0.700143
0.763442
0.700143
0.673726
1.2923
0.700143
1.31199
1.26202
1.11284
0.700143
1.29981
1.12669
1.06927
0.871465
0.59339
0.643079
0.700143
1.65781
0.700143
1.2493
0.700143
1.40863
1.0668
1.27236
0.700143
1.05576
0.700143
1.06927
0.700143
0.614507
0.749981
0.827099
0.70793
0.769624
0.828085
1.27498
0.844105
0.660724
0.700143
0.700143
0.686757
0.700143
0.780443
1.25643
1.31771
0.784116
0.700143
1.30115
0.700143
0.700143
0.700143
0.643079
0.700143
0.643079
0.700143
0.643079
0.730525
0.849113
0.686757
0.700143
0.801094
0.700143
0.700143
1.3245
0.700143
1.56888
0.739219
1.26375
0.642666
1.50759
0.623938
0.700143
0.643079
0.628544
0.700143
0.700143
0.571694
1.20489
0.904459
1.32723
0.700143
1.37052
1.16903
0.828491
0.55002
0.825472
1.23288
1.65235
0.643079
0.700143
0.700143
0.670421
0.956854
0.814599
1.4272
0.700143
0.613357
0.728731
0.700143
1.05327
1.31407
0.700143
0.733177
0.814599
0.700143
0.700143
0.700143
0.951215
1.25903
1.59496
0.643079
1.18221
0.653346
0.700143
0.733831
0.694256
1.15818
1.28063
0.811485
0.700143
1.0454
0.700143
1.15222
1.28249
0.665657
1.34731
1.3291
1.55475
1.85778
0.753861
0.535897
0.733293
0.814599
1.21377
0.772605
0.643079
0.700143
1.30051
0.749981
0.757973
0.742546
0.665589
0.765353
1.56825
0.659603
0.613357
0.686757
0.643079
0.743627
1.42761
1.51314
1.41127
0.704705
0.729234
1.61813
0.700143
0.700143
0.763442
0.700143
1.28939
1.29909
1.54814
0.700143
1.25771
0.700143
0.629693
0.94296
0.381097
1.51497
0.934121
0.645446
1.03853
0.974372
0.928
1.10558
0.876089
1.24583
1.07548
1.75071
1.11962
0.625702
0.972868
1.17977
1.24822
0.972868
1.18334
1.16461
1.3188
1.17667
1.0948
1.25013
1.20324
0.470223
0.582701
0.986286
0.954797
1.33973
0.998342
1.02435
0.704705
0.890712
1.02769
0.986286
0.700143
0.791915
1.56156
0.643079
1.46449
1.0139
1.74669
0.966671
0.628476
1.03759
1.13533
0.991004
1.08994
1.0035
1.19598
0.825563
0.925355
0.979387
1.0394
0.819027
0.629693
1.12242
0.969038
0.700143
1.18171
0.970222
1.06617
1.03788
1.38124
1.48303
1.06163
1.57907
1.51502
1.02049
0.642598
1.59798
1.32239
1.68425
0.700143
1.43144
0.894986
0.683742
0.700143
1.41359
0.689277
1.37333
1.13466
0.962844
0.885931
0.669112
1.18289
0.520947
1.08923
0.57978
1.14739
0.629693
0.992892
1.13924
1.20819
1.5068
1.25822
0.829571
0.878831
1.18289
0.613493
1.09168
1.0172
0.966671
0.867145
0.890338
0.942916
0.747143
1.9578
0.629693
1.26241
0.94389
0.773999
1.25338
0.870518
0.914373
1.26014
0.971236
1.14739
0.734541
0.950789
0.555199
0.986286
1.16318
0.986338
1.00076
1.02656
0.573343
1.16331
1.19698
0.976875
0.973797
1.32747
1.58149
0.927979
0.913017
1.03788
1.17567
1.18289
1.34731
1.1766
0.947717
0.629693
1.03759
0.586938
1.1773
0.995838
0.941301
0.922201
1.67004
1.67004
1.67004
0.944405
0.986286
0.876973
0.923465
1.32747
1.42099
1.00472
0.693154
1.00238
1.27561
0.643079
0.947898
0.700143
0.558089
1.34766
0.658403
1.27371
0.696123
0.703912
0.941017
1.43703
1.43703
1.23075
1.37294
0.842186
1.37294
1.00434
1.43703
0.911667
1.0528
1.08627
1.13673
1.13705
1.23057
1.51894
1.33288
1.15841
0.700143
0.700143
1.43703
1.20132
0.700143
1.13018
1.43544
0.690021
0.643079
1.04096
1.51696
1.13766
0.700143
0.558089
0.700143
1.58369
0.700143
0.711353
1.4197
0.700143
0.643079
1.08634
0.733899
0.700143
0.700143
1.27371
1.43703
0.771459
1.35758
1.42441
0.671864
0.837402
0.700143
0.825377
0.700143
0.700143
0.700143
0.825377
1.37294
1.39009
0.586229
0.643079
1.37294
0.700143
1.49217
1.11779
0.696123
0.637175
1.43662
0.700143
0.700143
0.700143
0.643079
0.733899
0.52108
0.671864
1.37912
0.700143
0.723759
0.700143
0.643079
0.700143
0.700143
1.12924
1.26138
0.906787
0.658403
0.950851
1.17763
0.825377
1.3191
0.615014
0.700143
1.36135
0.700143
0.658403
0.5621
0.671864
0.700143
0.737844
0.643079
0.700143
0.728273
0.700143
0.915176
0.842186
0.842186
0.700143
1.31805
1.12894
1.45362
0.700143
0.700143
0.700143
0.700143
1.27094
0.671864
1.18118
1.10846
0.437946
0.700143
0.700143
0.700143
0.495175
0.706378
0.643079
0.743291
1.06841
0.728273
0.700143
0.643079
0.700143
1.11779
0.943128
1.12894
0.700143
1.37294
0.781214
0.5704
1.43703
0.700143
1.37294
0.93542
0.936481
1.17231
0.700143
0.615014
1.48804
1.17233
0.658403
0.842186
0.700143
0.700143
0.700143
0.706378
0.700143
0.700143
0.700143
0.643079
1.01526
0.757972
1.72428
1.37935
0.865931
1.1284
1.38677
0.700915
0.694262
1.35591
1.17178
1.33415
1.40219
1.01192
1.0654
1.3528
1.01185
0.629693
0.981425
1.16079
1.04156
0.9737
0.960392
0.785157
1.34638
0.772507
1.64587
1.88314
1.16878
0.616233
1.06479
0.933698
1.13935
0.853528
1.3528
0.629693
0.611478
1.33919
0.688811
0.884294
1.16079
0.950946
1.25867
0.794565
1.20183
0.933698
0.933832
0.927166
0.890327
1.20259
1.81548
1.33111
0.871983
0.887312
0.931718
1.82278
1.46792
1.565
1.24752
0.827334
1.03423
1.07017
0.616233
1.13334
1.10995
0.67893
1.33519
1.07557
0.616233
0.918647
0.853115
0.610014
0.647264
1.44322
0.709244
1.87404
0.8687
0.704705
0.947029
1.68978
1.06145
0.743627
0.838624
1.33784
1.18294
0.885683
0.931718
1.51809
1.37985
0.803154
1.04156
1.07738
1.12242
1.05887
1.72799
0.935234
1.20318
0.808776
1.40698
0.711698
1.02321
1.27748
1.3415
1.16646
0.906108
0.617123
0.904459
1.25867
0.694262
0.629693
1.41609
1.12242
1.21755
0.616233
0.62748
1.1781
1.01564
0.816715
0.780357
1.21287
0.612048
0.616233
1.17305
1.06159
1.14381
1.80766
0.669112
1.43502
0.791213
0.922337
0.827099
0.912185
1.33545
1.6764
0.918717
0.798569
1.70202
1.74004
1.52562
1.51894
1.46792
1.41066
0.700143
0.966633
1.50505
1.77176
0.954766
1.77176
1.46792
1.01526
0.84683
1.59248
0.83112
1.77176
0.577313
1.59248
1.70202
1.59248
1.548
0.632312
1.5202
1.77176
1.33045
1.59248
1.59248
1.70202
0.802006
1.70595
1.70202
1.70202
0.784505
1.77176
1.33045
1.59248
1.33045
1.70202
1.70202
1.45178
1.23968
1.71058
1.47803
1.29152
1.6072
1.80283
1.70202
1.26202
1.07437
1.60072
0.845242
1.70202
1.52129
1.26179
0.909714
1.77176
1.6204
1.51226
1.51347
1.30784
1.71884
0.811485
1.59248
1.87257
1.3983
1.51226
1.01526
1.70202
1.70202
1.59248
1.51226
1.09198
1.77176
1.51226
1.68454
1.59248
0.840927
1.84201
0.549451
1.32636
1.01329
0.787883
1.45178
1.01526
1.3983
1.46792
1.12702
1.7275
1.44902
0.700143
0.603963
1.22401
1.51226
1.51226
1.3983
1.45944
1.46792
1.01329
1.58147
1.69329
1.59248
1.6794
1.02085
0.814599
1.63476
1.52152
1.5369
1.3983
1.06091
0.677184
1.51226
1.77176
1.29152
1.59248
1.11784
0.93011
1.46792
1.19835
0.965023
1.62573
0.700143
1.77176
0.940406
1.10132
1.47852
1.46739
1.41096
1.62573
1.02474
1.5202
1.41096
1.78738
1.51226
1.65959
0.775858
1.68454
0.997791
1.59248
0.686682
0.629033
1.35147
1.00246
1.2102
1.31111
1.57151
1.13173
1.3106
1.32033
1.25799
0.860722
1.22169
1.15874
1.29953
0.771193
1.19061
1.17493
0.700143
1.09764
1.07029
1.27532
1.2007
0.919113
0.967737
1.31422
0.912681
1.05717
0.537605
1.66884
1.2521
1.62307
0.911979
1.18113
1.41507
0.80321
0.938413
1.04476
1.20443
0.897135
1.1074
1.40288
1.26105
0.814599
0.958207
0.92544
0.640292
1.37462
1.0669
1.10575
0.811085
1.37439
1.28313
1.61618
0.936481
1.2027
1.03087
1.16917
1.04411
0.858213
1.01241
1.27349
0.92544
1.28028
1.24691
0.700143
1.22769
1.16747
1.09351
0.601252
1.58217
1.03567
1.43703
1.21566
0.827099
0.991951
1.43513
1.21913
1.38882
0.793352
1.12242
1.16173
0.595678
1.12586
1.33059
1.20892
1.28394
1.05388
1.09949
1.07892
0.876259
1.01377
1.1719
1.30485
1.23165
0.872311
1.00691
1.20954
1.57982
1.11784
1.52382
1.09387
1.16703
1.42123
0.938413
1.46488
1.07569
1.09882
1.65781
1.44596
0.773963
1.04156
1.34991
1.2717
0.873694
1.11136
1.72833
1.21619
1.2094
1.51631
1.37191
1.01589
1.33069
0.873264
1.08065
1.07034
1.40423
1.28028
0.860722
0.953528
1.57442
1.42396
0.743627
0.947265
0.860722
1.24421
1.18995
1.18618
0.692917
0.815858
0.990806
1.18113
1.22472
0.978054
0.888246
1.06466
1.26604
1.25925
0.937998
0.96082
1.16917
0.937289
0.993504
0.886457
1.45573
0.847065
0.629693
0.850935
0.592926
1.78738
0.669112
0.66312
1.12242
1.16917
0.947718
1.15409
0.793495
1.29049
0.887155
1.08939
1.41096
1.87257
0.857814
1.38146
0.858714
0.79105
0.978453
0.872922
1.05863
1.11975
0.900742
0.897135
0.814927
1.04411
1.13874
1.21753
0.779331
0.811485
0.520741
1.37772
1.1211
0.753723
1.46792
0.700143
0.943854
0.826839
0.951412
0.961858
0.863627
0.902832
0.96082
1.07557
0.979114
1.0554
0.714376
0.872796
1.38146
1.07231
1.22721
0.759009
0.815858
0.972184
0.981817
1.02912
0.700143
1.16213
1.10235
1.05529
0.954749
0.714376
1.03962
1.51645
1.17906
1.22472
1.05863
0.872027
0.643816
0.905021
0.694761
1.16279
0.872922
1.4631
1.38146
1.46463
1.82785
1.41598
1.1914
0.858938
0.711149
1.01178
1.65768
0.994352
1.30853
0.979301
0.858241
1.21446
1.05529
1.05863
1.17319
0.818816
0.96082
1.12755
1.0849
1.3519
0.925355
0.815858
0.629043
1.70215
0.97341
0.816595
1.1464
1.12625
0.960161
0.872922
0.96082
1.08714
1.29349
0.912117
0.79105
0.901605
0.656127
0.951225
0.629693
0.801035
0.972926
0.814211
0.612048
1.03295
0.981945
0.836469
0.994354
1.26604
0.987235
1.05863
0.814599
0.971799
0.815858
1.17889
1.1833
0.700143
0.700143
1.12242
0.700143
1.20518
0.872922
0.969859
0.815858
0.954748
0.68741
0.872922
1.05529
1.16366
1.1377
0.964594
1.06777
0.784827
0.980159
1.02953
1.00217
1.15461
1.36235
1.43265
0.897135
0.939962
1.09495
1.1478
1.05863
1.07665
0.978054
0.986387
0.773963
1.05863
0.896735
0.815858
1.28752
0.904785
1.2714
0.933373
0.546785
0.643493
1.4631
0.975711
0.94506
0.950518
0.872922
0.780581
0.865015
0.937289
0.998647
1.05107
1.22547
0.980044
1.04861
1.1362
0.9942
1.13108
1.06575
0.912117
0.859462
1.18371
0.9897
0.897754
0.864923
0.700143
0.700143
0.617674
1.1377
1.44183
1.45678
1.06001
0.700143
0.934033
1.3833
0.972926
0.700143
1.09873
0.833863
0.612048
0.700143
0.822006
0.841891
0.921899
0.873195
0.669111
0.695049
1.35066
1.09873
0.787861
0.700143
1.05863
0.700143
0.991111
0.958668
0.972184
0.647871
1.08008
1.3833
0.700143
0.700143
0.700143
0.479013
0.65409
0.930841
0.887151
0.906206
0.688732
0.768298
0.700143
0.555199
0.959251
0.643079
1.17895
1.01599
1.36257
0.923211
0.49099
0.643079
1.0963
1.1598
0.700143
0.777257
0.861833
0.967009
1.18403
0.700143
0.555199
0.739486
0.700143
0.700143
0.814927
0.887151
0.700143
0.870709
0.612048
0.749056
1.01599
0.51463
0.700143
1.02836
1.01599
1.0087
0.556139
0.985067
0.700143
0.673751
0.861833
0.764754
0.878692
0.9523
0.535862
0.700143
0.700143
0.994301
0.899151
0.672526
0.700143
1.35091
0.867389
0.612048
0.994301
1.67735
0.929691
0.765319
1.02836
0.700143
0.994301
1.17895
0.700143
0.827865
0.906206
1.01599
0.700143
0.700143
0.700143
1.01599
0.700143
0.617033
0.700143
0.940264
0.556139
1.0963
0.927898
0.700143
1.1195
0.612048
0.946773
1.06901
0.963269
1.02836
0.994301
0.700143
1.00821
0.994301
1.03924
1.17895
1.0963
1.01599
0.81386
1.19553
1.28234
0.906206
1.01599
1.18403
0.643079
1.00821
0.700143
0.51463
1.03453
0.700143
0.951383
0.763043
0.700143
0.700143
1.15431
0.643079
0.700143
0.649303
0.771063
1.28406
0.801035
0.68815
1.23745
0.862719
0.874763
0.643079
0.825913
0.533976
1.62573
0.629693
1.36251
0.617033
1.60135
1.5492
0.669111
0.513562
1.57121
1.61597
0.996923
1.0505
0.795624
0.700143
0.661993
1.04186
0.686757
0.773924
0.794764
0.623455
1.19652
0.61491
1.02906
1.5843
1.13106
1.34057
0.808035
0.947734
1.1441
0.616233
0.612048
0.577365
0.940626
0.882763
0.855824
1.41281
1.59992
0.559082
0.513562
0.643079
0.551539
0.643079
1.64948
0.545717
0.820081
1.58656
0.905172
0.994352
0.385282
0.643079
0.592254
0.89723
0.616233
0.913714
0.643079
0.944228
0.615076
0.835215
1.10434
0.588941
0.811485
0.743627
0.814599
0.889644
0.616233
1.18348
0.643079
1.05175
0.707164
0.700915
0.767673
0.70667
0.883978
0.700143
1.16263
0.839872
1.0038
0.601252
0.669111
0.616233
0.643079
1.73954
0.728305
0.643079
0.972926
1.0122
1.43208
0.702065
1.06841
0.816385
0.700143
1.20252
0.635766
0.994491
0.523139
1.61358
0.991824
0.990168
1.2147
1.51435
0.811485
0.903652
0.640636
1.05175
0.442131
0.808627
1.14301
1.50505
0.917982
1.30094
0.616233
0.643079
1.20838
0.623455
0.882763
0.801035
0.666826
1.01526
0.608177
1.38701
1.33598
1.15315
1.12529
1.86024
0.629693
1.15275
0.808035
0.584533
1.325
0.916229
0.767691
1.54887
0.700143
0.793758
0.535862
0.911148
0.381097
1.21242
0.803135
0.612048
1.38888
1.40383
0.89723
1.3525
1.06267
0.930203
1.34604
0.817372
0.833863
0.82031
0.643079
0.582584
0.700143
1.30326
0.92803
0.643633
1.04839
1.11248
0.686858
0.51463
0.700143
0.999665
0.999665
0.944571
0.877159
1.06143
1.01108
0.966671
1.53244
1.23222
0.915222
0.700143
1.01108
0.700143
1.11499
0.880476
0.700143
0.733899
0.86663
1.02089
1.27822
0.94265
0.872922
0.930203
0.665092
0.612048
1.01108
0.474863
1.06267
1.32181
1.04839
1.12676
1.04839
1.11248
0.607282
0.700143
0.708782
1.49228
1.01108
0.612048
1.23712
0.833863
1.46621
0.930203
0.966671
1.01108
1.70973
1.14358
0.700143
0.700143
0.999665
1.05126
1.04839
0.564799
0.976354
1.04839
0.833863
0.806032
0.945912
1.01108
0.791135
1.04839
0.669861
1.34604
1.30815
1.01863
0.724121
1.33242
0.842645
1.04839
0.930203
0.895689
1.14734
1.06267
0.62617
0.785796
0.700143
0.999665
0.700143
0.688732
1.11535
0.710134
0.955366
1.03505
0.849881
0.724121
0.999665
0.922981
0.922981
0.700143
1.15192
1.19216
1.06267
0.82031
0.998061
1.2188
1.01108
1.06267
1.78535
1.01108
1.32
1.01108
1.48354
0.62617
0.700143
0.702855
0.612048
1.40051
1.10431
0.937103
1.00445
0.748882
1.06267
0.895689
1.12676
0.999665
1.22075
0.877159
0.850945
0.999665
0.700143
0.814416
0.930203
0.724121
1.04483
1.12676
1.6367
1.07589
0.983081
0.724121
1.37969
0.930203
0.785796
0.82031
0.926263
1.30944
1.17703
0.700143
1.13746
0.726037
0.652615
0.700143
1.85948
0.700143
0.700143
0.942816
0.710134
0.870478
1.04483
0.563911
1.41469
0.753128
1.01108
0.832817
1.07589
1.04839
0.891281
0.909822
0.733899
0.682667
0.700143
1.32
1.04839
0.700143
0.700143
1.01108
0.942816
1.05126
0.588941
1.01108
1.12676
0.930203
0.864093
0.700143
1.01108
0.890712
0.943757
1.34604
1.06267
0.667801
0.700143
1.14329
0.700143
0.57793
0.700143
1.40384
1.40315
0.966879
0.892245
0.612048
0.984525
0.452069
0.889831
1.04818
1.4127
0.700143
0.700143
0.843803
0.79635
1.01339
0.700143
0.767983
1.3394
1.46071
0.753542
1.33595
0.616233
0.915757
0.612048
1.85948
0.892245
0.700143
0.977897
1.04818
0.700143
0.700143
0.592926
1.30555
0.767983
1.83605
0.861355
0.635105
0.844682
1.91726
0.612048
1.82935
1.84201
1.27532
0.949309
1.40384
0.882599
0.700143
0.700143
1.51771
1.58728
0.700143
1.21905
1.26468
0.767983
0.958649
1.31857
0.877877
1.3975
1.40384
1.20305
1.14784
0.968929
1.30924
1.50147
0.700143
1.03374
0.714377
1.21438
0.935935
1.18818
1.00756
0.700143
1.29668
1.89979
1.61307
1.49913
0.883834
0.955469
0.616233
1.36515
0.669112
0.759245
1.85948
1.80471
1.15119
0.888675
0.981188
1.25617
0.635105
1.03374
1.10808
0.537785
0.798602
1.15496
0.856837
0.700143
0.796709
1.0646
1.25776
1.09198
1.09219
1.91726
1.68351
0.700143
1.2006
1.03374
0.616233
0.97754
0.700143
0.89643
1.56178
0.700143
1.40004
1.11747
1.15496
0.767983
0.718597
1.21905
0.704705
1.9578
0.700143
0.612048
1.68351
0.700143
1.0871
0.616233
0.889831
0.631215
0.877877
1.18671
1.11583
1.26298
0.612048
1.40384
0.616233
0.88331
0.894296
0.73327
1.60417
1.09555
1.40384
1.68351
0.515292
1.61307
0.97754
0.700143
0.95633
1.16887
0.700143
1.62573
0.806905
1.84994
1.06228
1.61618
1.20564
0.743627
1.87257
0.835395
1.54005
1.6529
1.04113
1.27645
1.13788
1.22953
1.37161
1.14706
1.26536
0.603875
0.763194
1.06845
0.682737
1.30094
1.14257
1.18348
1.31827
0.944838
0.776654
0.700143
1.53755
1.11784
1.70194
1.1865
0.872754
0.689669
1.1143
0.572844
1.1667
1.03779
0.890525
1.0245
1.02408
0.785991
1.39366
1.27256
1.10205
1.15248
1.09859
1.05624
1.10582
0.77129
0.732076
0.990899
1.11865
0.700143
0.807449
0.694758
0.958558
0.603875
1.13277
0.769993
1.10406
1.15474
1.05948
1.1632
0.745623
1.01479
1.28184
1.07294
1.08688
1.73444
1.07294
1.20222
0.643079
1.01109
1.13277
1.16787
1.07499
1.18482
1.04186
0.991573
1.32164
1.14418
0.799719
0.974456
1.23714
1.09369
1.18345
1.04413
0.790167
0.990283
0.993115
0.893767
0.967816
1.24646
0.958975
1.12734
1.13673
1.13803
1.11777
0.535897
1.06489
1.54814
1.01453
0.754091
1.00827
0.700143
0.535862
1.72777
1.00148
0.584533
0.700143
0.700143
0.592961
1.16154
0.566888
1.14827
0.594112
0.535862
1.6802
0.758731
1.44858
1.67778
0.726577
1.55974
0.612048
1.05907
0.694427
1.04621
0.849789
0.669112
0.992303
0.503095
0.84929
0.437946
0.792226
0.706493
0.579989
1.46602
1.03126
1.42247
1.24907
1.20107
0.674979
0.635905
0.730163
0.83647
0.655652
1.72777
0.870774
0.842186
0.822039
0.842186
0.891769
0.669112
0.842186
0.676782
1.01017
0.998596
0.870774
1.23212
0.842186
0.726964
0.910696
1.41819
0.437946
1.21407
1.42711
1.2888
0.83647
0.381097
0.584533
0.650183
1.16374
0.633972
1.48614
0.754091
0.768214
0.791409
1.16545
1.70088
1.54814
0.812026
1.42453
0.612923
0.792226
0.842186
1.46792
0.608577
0.669112
0.700143
0.700143
0.722422
0.842186
0.562443
0.579989
0.669112
1.54814
0.700143
0.700143
1.18304
1.54814
0.810517
0.955775
0.764905
1.54814
0.76614
1.6048
1.6048
1.05873
0.566888
0.842186
1.34478
0.700143
0.700143
0.579989
0.700143
0.850259
0.700143
0.49501
0.700143
0.812889
0.669112
0.700143
0.700143
0.63604
0.637053
0.437946
0.570411
0.517218
1.00827
0.73695
0.700143
0.741931
0.700143
0.643079
0.669112
0.437946
1.16374
0.632037
0.842186
0.842186
0.842186
1.16374
0.842186
0.569553
0.91875
0.920178
0.842186
0.700143
1.09602
0.916927
0.722664
0.62617
0.748891
0.784827
1.53132
0.968768
1.40946
1.01182
0.872922
1.51226
0.872922
1.37476
1.33071
1.08976
0.724238
1.3246
1.17124
0.798326
1.42638
0.769115
1.07409
0.984264
1.71086
0.963301
1.3919
0.886617
1.04156
1.41175
1.3755
0.700143
1.04255
1.55104
1.61184
1.04308
1.39535
0.657649
1.01789
0.718597
0.866587
0.886927
0.937289
1.60417
1.61184
1.01173
1.5578
1.12842
0.586677
1.61871
0.692216
1.41089
1.04038
0.700143
1.23506
0.697315
0.754091
1.53132
0.963301
1.59918
0.90882
0.665092
1.09875
0.784827
0.913815
0.872922
1.31474
1.77897
1.52047
0.555462
0.990928
0.643079
1.35992
0.612048
0.755429
1.41373
1.24032
0.952737
0.892755
1.14982
1.60417
1.02538
1.37711
0.968144
1.40295
1.63759
1.21464
0.784827
1.00407
1.28583
0.63591
0.876053
1.58438
1.60044
0.930658
1.58072
1.10132
0.919743
1.31286
0.922295
1.0038
1.03102
1.33198
0.778517
0.818758
0.959243
0.722664
1.43095
1.60026
1.11937
1.22861
0.993233
1.53132
1.41373
0.998728
1.59918
1.54485
1.21909
1.58072
1.60417
1.33071
1.84682
1.31163
1.60417
0.773999
1.2846
0.806878
0.815858
1.06109
1.0479
0.82847
0.984264
0.781159
0.818758
1.05241
0.766159
1.36669
1.51226
1.51226
1.00821
1.08521
0.872922
1.37711
1.08521
1.06868
1.12124
1.28249
0.911075
1.01878
1.23141
1.10253
0.937289
0.729564
1.51287
0.862449
0.724238
1.21813
0.771413
0.643079
1.0149
0.700143
1.33071
1.07375
0.872141
0.952737
0.612048
1.12283
0.892245
0.555199
1.36711
0.964199
1.03552
1.2273
1.00407
0.912229
0.720309
0.746605
0.917926
1.2273
0.785122
0.933294
0.709808
0.687928
0.98098
1.78314
1.12051
1.63369
1.70038
0.87892
1.18484
1.14982
0.95092
0.895443
1.2273
1.01339
0.847819
1.00821
0.612048
0.606995
0.937289
0.82998
0.984533
0.837131
1.04156
1.14982
0.586229
1.37965
1.1873
1.10145
0.669619
1.60328
0.76316
0.786309
1.20772
1.2846
1.0542
0.784827
0.722664
1.23641
1.80597
1.54156
1.2479
1.32258
0.935047
0.88044
1.76834
1.3356
0.852882
1.12501
1.02131
1.0884
1.2391
1.02046
1.20931
0.876053
0.784827
1.17637
0.748891
0.629457
1.0006
1.02193
0.9737
0.700143
0.876053
1.61184
1.04204
0.837131
0.819076
1.27194
0.947042
0.643079
0.817439
1.28894
0.869898
1.35231
1.28732
1.21232
1.06582
0.757528
0.990987
0.808802
0.872922
0.876053
0.8736
0.850698
1.78314
0.873422
1.86179
0.820081
0.727978
1.43971
0.866132
1.18092
1.04255
0.772616
1.33131
0.528753
1.04156
1.59248
1.04156
1.58946
0.985005
1.26932
0.540286
1.30695
0.936215
0.843666
0.970728
0.923703
0.599943
0.787194
1.14633
1.57187
0.692495
1.46508
0.821956
1.12886
1.47557
1.06686
1.07935
1.062
1.76163
1.13289
1.11784
1.11595
1.20131
1.09397
1.07935
0.656156
0.945821
0.957553
1.00833
1.09453
1.08407
0.952107
1.01395
0.989864
1.30523
1.08429
1.3466
1.12283
0.89643
0.700143
0.997616
0.997616
1.02538
0.700143
1.03493
1.37434
0.838803
1.22423
1.37434
0.63556
1.44866
0.90949
0.51463
1.11784
0.737714
0.822346
1.37434
1.062
0.917292
0.987898
1.24695
0.948697
1.2798
0.51463
0.68741
0.852884
1.23944
0.963159
1.22584
1.28578
1.26266
0.623455
1.2019
1.03413
0.997616
1.10215
0.893369
1.18488
0.994354
1.6304
0.7689
1.2426
1.10437
0.850913
0.890201
1.00733
0.789981
0.698792
0.887747
1.02538
1.17478
1.20983
1.28993
1.13648
1.2651
0.700143
0.771673
1.18355
1.15598
0.700143
0.63056
0.943245
1.12347
1.05364
1.16887
1.23927
1.76892
1.3914
1.12162
1.04754
0.989519
0.51463
1.14432
1.54575
1.02394
1.47144
1.10215
0.700143
1.45772
1.13082
0.922981
0.791206
1.26768
0.997616
0.789012
1.0871
1.07487
0.810805
1.29673
1.29883
0.833351
1.0756
0.828337
0.997616
1.27256
1.20452
0.766169
1.33595
1.22584
0.915703
1.37434
1.22584
1.04291
0.771673
1.19868
0.890201
0.758635
0.997616
0.825563
0.578711
1.2752
1.0617
1.02326
0.825563
1.26244
1.21133
0.7915
0.785796
1.35875
1.07631
1.63736
0.751067
1.07892
0.909277
1.02538
1.15924
