1.7492721
2.1235627
0.53169974
1.3757128
0.54444544
0.9429861
0.30448381
1.8380734
2.2497656
0.56062027
1.5354031
0.14223627
1.0244941
1.5063474
1.517601
0.95316635
1.370666
0.78433987
0.66815942
0.37510517
0.71615165
0.35011067
0.36079917
1.2693531
1.2832935
1.8891915
0.57154562
0.60418634
0.45722848
0.4259674
0.26429517
0.97295473
-0.028881832
1.925708
0.50298307
1.5581622
1.6388798
0.93096586
1.2800154
1.5362907
1.3137568
1.6510021
1.1463311
0.43024108
1.1344501
0.32024594
0.79284114
1.7588287
0.71379478
1.7111959
1.1354531
0.80660551
1.1264635
1.2654751
0.28443013
0.94861203
0.75487193
2.2816867
0.42022267
1.3803121
1.099162
0.4225215
1.1848871
-0.10984808
1.1090431
1.5989855
1.6381315
0.94558375
1.8638426
1.9735136
1.4736815
1.4661338
1.3738206
0.79772962
2.1652241
0.85179996
1.4618727
1.750715
1.1761082
1.0156027
0.66488724
2.3803442
0.94660179
0.72704763
0.82329651
0.76681684
0.77620057
0.56175157
0.72408173
0.93066187
2.0740695
1.6308994
0.83381786
1.3633764
0.15240603
0.34870759
1.0935864
1.8916243
1.5681413
1.3136234
1.1275152
0.77321591
1.2198561
0.56041139
1.6223816
1.4880882
1.4116191
0.94459861
1.1446869
0.66648242
1.2952749
0.67293239
1.0340244
1.3629791
0.89635841
1.233076
1.5855803
-2.3364477e-011
1.2184486
1.4730153
1.176069
0.41770576
1.7855433
1.5914439
0.79044194
0.91269891
1.4493762
0.57759704
0.68671406
1.0994827
1.5416069
0.46026841
0.6876995
0.71343682
2.1037984
1.280882
0.42329635
0.95325249
1.4701478
1.288112
2.2927177
0.66579066
0.49265406
1.7442538
0.70074153
0.56327868
0.2226705
1.4067429
1.586106
0.93050897
0.53725218
0.33462242
1.7226031
1.3402599
1.0699928
1.4195331
0.59834991
0.055516199
0.48246848
0.3846758
0.77446429
1.7591643
1.6662009
1.3408639
1.5754956
0.41687945
1.244338
0.069915792
0.27345983
0.48311366
0.50573165
1.388368
1.153827
0.67201669
0.45180402
1.3689174
1.2845981
0.50162924
1.4261701
1.1810003
1.851165
0.93710351
1.3417838
0.64278637
1.40273
0.50711064
1.7565717
0.76845349
0.76325376
0.31927874
1.586106
0.66728729
-1.9469799e-011
1.6666604
1.522401
1.3294377
0.41672227
0.48792064
1.0201054
0.48353126
0.625772
0.8242697
1.6061434
1.9145716
0.77011136
0.13481563
0.4298326
0.22855198
0.50706821
2.1251241
0.5970834
0.40725126
0.62988292
0.5432604
0.12399383
0.67407719
0.54769705
1.0824754
0.56008316
0.81071918
0.94023554
0.10635982
-1.9469799e-011
1.2545945
0.38507522
0.58284612
0.55650866
0.5659367
1.0654352
0.75954731
0.091729625
0.80897761
0.42737652
0.34413189
0.80674559
-0.083884988
-1.9469799e-011
1.7976863
1.749489
1.9145716
0.62791923
0.89313268
-1.9469799e-011
1.0302852
0.28683558
1.1842361
1.388368
0.3256133
0.87943544
0.6741137
0.02712186
0.7904454
0.47195521
1.2439839
-1.9469799e-011
0.77305579
-1.9469799e-011
0.55536942
0.051775293
1.357429
0.10635982
0.47441915
1.6959587
0.38361619
0.075131533
0.63065691
1.7686017
-1.9469799e-011
0.035693418
0.77544598
0.69004354
1.1726745
1.4422288
0.92552143
-1.9469799e-011
0.71485916
1.1439664
0.57860923
1.522401
1.6368521
-1.9469799e-011
0.55446108
1.2641718
-1.9469799e-011
0.44210217
0.50219193
0.33668142
0.95676491
1.7570537
1.434578
0.19455238
0.46181172
1.7090022
1.6085841
1.3905975
-2.4681614e-011
1.4916769
0.76382292
1.082747
1.6541355
1.1155576
1.4113783
0.38088516
1.2811083
1.5563801
0.94081464
0.78067258
1.3261303
0.95879183
0.91920838
0.51951057
2.713291
0.98183242
0.60348991
-2.4681614e-011
0.87593747
1.4582547
1.7822782
1.2053915
1.0514857
0.50405271
0.48105269
1.3408964
1.2255645
-2.4681614e-011
0.21824498
1.5668688
-2.4681614e-011
1.2322546
1.5701093
1.7224096
1.2695791
0.36611497
0.82709868
1.0105564
1.0836619
0.44396277
1.0993304
1.2241732
1.4980788
0.59210239
1.4788114
1.1370767
1.7308014
1.221543
0.65608809
1.3880199
1.1492157
1.3401433
1.5102226
1.1489704
0.1858435
0.54911314
1.2515936
1.567707
1.0707147
0.29345878
1.5626297
2.1167239
0.66695594
-2.4681614e-011
1.1910284
0.66486728
0.69129918
0.98114528
1.6739819
1.5776281
0.98958442
0.97959956
-2.4681614e-011
1.5632242
1.7626716
1.4339993
0.22930552
0.59520088
0.42531184
0.81309954
1.8794403
0.81309954
1.2651833
1.0530525
1.0703868
0.22137842
1.706546
2.2183778
-2.4681614e-011
0.80735597
0.59032073
1.8550988
0.95324124
1.1383227
0.97770483
1.10994
0.10785854
1.1458909
-2.4681614e-011
-2.4681614e-011
0.6831658
0.42958493
1.5563399
1.0840388
1.5211152
0.37583212
0.41018674
1.1824363
0.67180584
0.43640499
0.7166381
1.0642058
1.0569282
0.46302249
-2.4681614e-011
1.3067371
1.4894464
1.1702886
0.28317202
0.47208938
1.288297
0.9963382
1.4247556
0.23570394
-2.4681614e-011
1.2958409
1.0903777
-2.4681614e-011
-2.4681614e-011
0.9963382
1.3053191
0.90492395
1.7807699
0.689177
-2.4681614e-011
0.7585823
0.81309954
-2.4681614e-011
0.73084463
-2.4681614e-011
1.6377944
-2.4681614e-011
0.87698907
-2.4681614e-011
0.21354966
0.44474315
0.63193266
-2.4681614e-011
1.3928078
0.63428609
0.4133774
0.4162635
1.4894464
0.46538166
0.7166381
1.378371
1.14626
0.47862139
0.27066109
0.36066026
0.70273343
1.1333383
1.1392385
1.2024229
0.66758736
0.71135171
-2.4681614e-011
-2.4681614e-011
0.61939792
0.7585823
0.5256335
0.64784816
0.025132828
0.59446625
0.6551577
2.0219348
1.9286986
0.16172139
0.62913308
0.6424103
0.85676658
1.5281086
1.641654
-2.4681614e-011
-2.4681614e-011
1.0011897
1.29338
1.2170176
0.88760286
1.2329679
-2.4681614e-011
-2.4681614e-011
1.387325
0.87202062
1.2688156
1.8483696
0.88760286
0.81309954
0.81309954
1.1065205
0.93361185
1.641654
-2.4681614e-011
0.70562981
0.79467831
0.17997124
0.9436484
1.3527612
0.5280114
0.24737641
1.1031076
0.88794587
0.58867919
1.1102638
0.64676122
-2.4681614e-011
0.85367315
1.1857115
0.92702892
0.8884324
1.0838317
1.3089812
0.48619019
0.88760286
2.0064739
1.780981
0.7585823
0.020238529
0.73657579
-0.1815012
1.0256039
1.0759878
1.4593732
0.41563268
1.3846152
0.41434619
0.052645191
0.82119836
0.26895241
1.2671122
0.84701245
0.66551434
0.84897418
-0.15213256
0.97626575
-0.39644854
0.94617549
1.0789191
0.65327777
1.0757979
0.82870525
1.0816941
0.71930985
-0.37104632
0.83740501
0.25029756
-0.19791009
-0.07674881
0.8258564
0.88205261
0.038171334
1.0622889
-0.10312149
0.81719275
0.68686517
0.75555521
-0.093577007
1.2104508
0.87539745
-0.080019478
1.0436766
1.1475986
0.55608846
0.68926237
1.2199132
-0.084323185
0.77977246
0.54860082
0.64133287
0.36223039
0.77208514
0.89097948
1.1269651
-0.13996791
0.9665626
0.90683578
1.1650632
1.3073537
-1.1402697e-011
1.0071418
1.0750201
0.69500198
1.0295925
0.8304417
0.010999052
0.23584511
0.011815081
0.16225955
0.46002912
-1.1402697e-011
0.87816671
0.81854055
0.91607616
0.64729392
1.1269651
0.4758679
0.81532857
0.88243091
1.2449156
0.0084584425
0.75989626
0.22638138
0.95253392
1.2228107
0.14680334
2.4215034
0.6001295
0.7300844
-0.060707547
-1.1402697e-011
0.12705947
0.98056635
0.67350938
1.093447
0.33662956
1.05812
-0.38471229
0.77404633
-1.1402697e-011
-0.18266555
-1.1402697e-011
-0.075619406
0.77977246
0.79505912
-0.17515508
1.1852799
0.74802547
-0.0050408194
0.16630395
-1.1402697e-011
0.77775579
0.90536762
1.1682554
1.9916278
1.6244542
1.8346612
1.2763634
1.8662313
1.0536995
1.4322899
-0.049597754
0.52070896
0.85772305
0.55721916
0.46926972
2.0418159
1.3563688
0.55690271
0.54763293
0.26361871
0.74641136
0.041775536
0.0077198718
0.6325156
0.039773131
0.80492904
-0.057512862
0.23177687
0.88512902
0.42738857
0.43192763
-0.16098079
1.0106
0.66372756
0.51421847
0.070528812
0.52342574
0.027162198
-0.04534617
-0.86613632
0.50711878
0.6626117
0.63190474
0.72757431
0.79738334
0.10125075
1.1682554
1.3931582
2.3547467
0.099330102
1.0075243
0.5531936
1.0611108
0.92769413
1.2065066
0.41651398
0.57187252
2.0376189
1.2639012
1.9453264
1.3920674
0.88546357
1.2597079
1.1985439
2.1801133
1.8996911
2.2269496
1.3542629
1.7300451
0.64167996
1.4638938
1.80337
1.6955428
-0.01791028
1.6424615
0.82197139
2.6223019
1.5947404
1.7900582
1.1069572
0.79908494
0.43738371
1.6251436
1.5856431
1.157063
1.0949039
2.2844595
1.7316742
2.0541662
0.96611556
1.3978377
1.3962543
1.4815902
1.0422297
1.2589191
1.1880998
0.43368503
0.34565286
1.5272534
1.4843912
1.3860919
1.5385754
2.2739568
1.9497893
1.1322544
1.1782047
1.4892718
1.5008605
1.4936104
1.2519823
0.33595796
2.3846363
1.342754
0.90263931
1.7671218
1.5996171
0.99317879
1.1870635
1.6367802
1.4099807
1.6844941
1.1851756
2.35034
2.5103021
1.2745911
0.90875874
1.6843104
1.7020546
2.1801133
0.96318648
0.49332855
1.3800007
1.138863
2.2721527
0.70072876
1.4615611
0.63520495
1.7995488
0.99671391
1.3918176
1.3262863
1.694558
0.91044005
2.2121064
1.6950433
1.5609183
1.725486
2.2721527
2.1115444
1.2358313
-0.13703514
1.6586201
1.5689584
0.89834717
0.9688067
1.191798
0.57283857
1.6123376
1.062594
1.9106273
1.1384561
1.0012518
2.0352142
0.65150472
1.5638664
1.1384561
1.4190847
0.03908708
1.2886072
0.90752354
2.7520739
1.2450068
0.7250314
1.4655071
1.2791307
0.89964034
2.3695361
1.1975926
2.0328815
1.5162716
0.76353645
1.1847297
2.8069078
1.7685005
1.3095769
1.4473215
1.6860759
2.4761539
1.1624536
1.1394877
2.8485106
1.9972549
0.94060485
1.6247015
2.4275184
0.64778328
1.4910198
1.6142246
0.7320506
1.446871
0.77042296
0.51604314
1.1908557
0.6825441
1.8396481
0.92080848
3.02473
2.5103021
1.5692805
1.2258199
0.14211017
1.1749561
0.038902679
1.4199062
1.3986697
1.6746761
0.10943706
0.084918977
0.21930025
1.4083863
0.31055554
1.3628675
1.4614647
0.31808031
0.30952811
0.28668402
-1.4953424e-011
-0.016093218
1.5615401
1.1597383
1.133677
0.30154885
0.40437041
0.20978719
0.17063621
-1.4953424e-011
0.044820431
0.28053017
-1.4953424e-011
2.1818623
0.8519927
0.4831588
0.27361682
-1.4953424e-011
1.1911054
-0.023703438
-1.4953424e-011
1.3849194
1.3540793
-1.4953424e-011
0.29869207
1.6734576
-1.4953424e-011
1.5867162
0.31594916
0.29185158
0.23273092
-1.4953424e-011
1.992364
0.18982029
1.1752047
1.4870259
1.2877049
1.9171558
2.0665042
1.8494272
1.2620607
-0.15047536
1.6954047
2.0281975
-0.28601809
1.5962035
1.874287
-0.26137518
0.3446121
-0.8704372
-0.17624124
0.333405
2.5441535
2.6308204
-1.7824595e-011
0.63488539
0.37870273
0.10349254
2.0431897
1.4066666
2.0665042
1.4490136
0.87805145
0.69605453
0.9862492
2.0050797
-1.7824595e-011
1.7936685
1.9901773
1.2278415
0.15707622
0.40448934
0.25878903
2.0438886
0.4478021
1.9171558
0.66866572
0.13722655
-1.7824595e-011
1.3294111
1.7628531
1.6080262
1.5797246
1.5645073
0.48976772
1.4360246
1.3155279
2.5040063
0.42882429
1.1667585
2.570241
1.7487637
1.0473187
1.4198366
1.5966849
1.2359083
1.3010965
1.330468
1.5432264
1.6090496
0.28613057
1.4891188
1.1314776
1.1315826
1.5273149
1.074325
0.98523916
1.0568876
0.69358376
0.17043767
1.3395447
0.99899457
1.7006873
1.299618
1.5682417
1.2135023
1.1957054
0.51617244
1.8538126
2.0503267
1.9330506
1.2353385
1.6618367
0.7604747
0.67474086
2.9566121
1.6346934
1.4352716
1.2350081
-0.02375078
1.6810841
1.3629445
1.0599434
2.3447778
0.86155061
1.3985758
1.2602727
1.942082
1.8181601
0.67558274
0.59803984
1.5084528
0.88726407
1.2807736
1.1947799
1.1157272
-1.2571707e-011
1.4034315
1.7806117
0.83834355
0.9599439
1.7090592
1.5743018
1.5650087
1.4690909
1.3974349
0.43724575
0.58828901
1.2851291
1.7785079
1.8275292
0.99026224
1.4492141
1.2286472
1.6452182
1.3447407
0.74645491
0.54503203
1.2996526
1.2108111
1.5222976
1.486048
1.2506294
1.6914336
1.2445825
0.57432491
1.5236565
0.78946824
1.0013589
1.2735635
1.9223105
1.5908866
1.5144333
0.53720455
1.2939856
0.25299304
1.1918625
0.49444247
0.65344435
0.81387644
1.2620089
1.368586
1.9592726
-1.2571707e-011
0.7949383
1.429539
1.4884173
1.4098094
1.8838674
1.5069669
1.3755335
0.57079614
1.2426041
1.661685
1.3739495
1.7545253
1.3408143
1.2608913
1.2429911
0.73817953
-1.2571707e-011
0.60869649
1.0300908
1.4137731
1.1370698
1.6432694
1.6973378
1.6681785
1.3280236
0.87711449
0.98182043
2.0260187
0.73800985
0.86934275
0.3288193
0.95690303
0.8291724
0.81577823
0.65083333
0.92701977
1.0913322
0.6965459
1.9679886
-0.0096392394
0.83675962
1.2972321
0.58756726
0.068133911
-0.18445542
0.69875758
0.1752514
0.13440545
0.55677015
0.69214625
0.59749445
0.13871507
0.5335773
1.044623
0.81543966
2.8439112
0.616028
0.76530258
1.3065182
0.55066103
0.12579786
0.10791193
-1.5817975e-011
1.157671
0.65272276
1.6885189
0.1560133
0.43225077
0.76152996
0.11467758
-1.5817975e-011
0.67689606
1.402857
0.75968558
0.54777891
-1.5817975e-011
0.67890479
0.86978373
0.50570104
0.64793881
0.12240954
2.4638238
0.80538188
0.75968558
1.028795
0.05890579
0.75968558
1.1706705
0.32106047
-1.5817975e-011
0.40500696
0.61666611
0.092738912
0.070735296
2.5153918
-1.5817975e-011
0.16832585
-1.5817975e-011
0.055660412
-0.035623755
0.11492269
-1.5817975e-011
0.45023914
0.19455171
0.44445364
0.9216282
0.06301823
0.88907807
1.028795
-1.5817975e-011
0.67890479
0.67890479
2.0292677
0.58307097
0.28011949
0.15064958
0.11089125
1.537127
0.36546344
-1.5817975e-011
-1.5817975e-011
-1.5817975e-011
1.0513331
2.2281638
-1.5817975e-011
0.56692174
1.3239015
0.12157602
0.50448097
-1.5817975e-011
-1.5817975e-011
0.099919726
-1.5817975e-011
0.96854569
0.18953213
0.51770653
-1.5817975e-011
0.1030774
-0.1241177
0.056314331
-1.5817975e-011
0.10059738
0.16350044
0.70319138
-1.5817975e-011
-1.5817975e-011
0.094275543
0.99458712
0.09614715
-1.5817975e-011
0.10804594
-1.5817975e-011
-1.5817975e-011
-0.55625315
0.089133681
0.25483433
-1.7246335e-011
0.060112761
-1.7246335e-011
-1.7246335e-011
-1.7246335e-011
-1.7246335e-011
-1.7246335e-011
-1.7246335e-011
-1.7246335e-011
0.067172531
0.072941269
-1.7246335e-011
-1.7246335e-011
-1.7246335e-011
-1.7246335e-011
-1.7246335e-011
-1.7246335e-011
-1.7246335e-011
-1.7246335e-011
0.055470937
-1.7246335e-011
-1.7246335e-011
-1.7246335e-011
-1.7246335e-011
-1.7246335e-011
-1.7246335e-011
-1.7246335e-011
-1.7246335e-011
-1.7246335e-011
-1.7246335e-011
-1.7246335e-011
0.075930484
-1.7246335e-011
-1.7246335e-011
-1.7246335e-011
-1.7246335e-011
0.18209218
-1.7246335e-011
-1.7246335e-011
-1.7246335e-011
-1.7246335e-011
0.18765688
-1.7246335e-011
-1.7246335e-011
-1.7246335e-011
-1.7246335e-011
-1.7246335e-011
-1.7246335e-011
-1.7246335e-011
-1.7246335e-011
-1.7246335e-011
0.42554948
-1.7246335e-011
-1.7246335e-011
1.8755323
-1.7246335e-011
0.49354056
-1.7246335e-011
-1.7246335e-011
-1.7246335e-011
-1.7246335e-011
-1.7246335e-011
-1.7246335e-011
-1.7246335e-011
-1.7246335e-011
-1.7246335e-011
-1.7246335e-011
0.081798916
-1.7246335e-011
2.1814201
0.46125019
0.062391717
1.2301655
-1.7246335e-011
2.8376956
-1.7246335e-011
-1.7246335e-011
-1.7246335e-011
-1.7246335e-011
-1.7246335e-011
-1.7246335e-011
1.9198481
0.36639926
-1.7246335e-011
0.8019231
2.5801587
-1.626159e-011
0.21734064
0.41222582
0.77424875
-1.626159e-011
1.2329358
-1.626159e-011
-1.626159e-011
1.1240309
-0.1298613
1.2845351
-1.626159e-011
0.10117191
1.3761573
-1.626159e-011
2.7295284
0.28751959
0.7261586
-1.626159e-011
0.55578743
-0.14164226
1.3369514
1.5564093
-1.626159e-011
1.9908355
1.2441817
0.51249306
-1.626159e-011
0.12360739
-1.626159e-011
0.48168744
2.1362846
1.4725325
0.04791472
-1.626159e-011
-0.20452536
1.6712397
1.0792031
-1.626159e-011
0.7811017
0.21370418
1.1228371
1.9526353
-1.626159e-011
1.2133887
-1.626159e-011
0.088058078
-1.626159e-011
0.29589369
0.21722746
1.2441817
-1.626159e-011
-1.626159e-011
0.62930375
0.29233958
1.1763004
0.32684514
0.29944462
0.73243913
1.0474147
0.44206182
-1.626159e-011
2.2939424
0.57585585
0.37239371
1.2293947
0.95983918
1.7277988
-1.626159e-011
0.12526726
-1.626159e-011
0.27882348
-0.0072147951
1.2441817
-1.626159e-011
-1.626159e-011
0.45483886
0.53338012
-1.626159e-011
1.4497897
-1.9366663e-011
0.5515998
0.71165174
-1.9366663e-011
1.9008445
0.47266428
1.1210065
1.7505467
1.2857822
1.9299108
1.0323064
1.5989408
0.64873489
-1.9366663e-011
0.60152287
-1.9366663e-011
0.97945678
-1.9366663e-011
1.4975324
-1.9366663e-011
1.278636
0.65259844
0.31276849
1.4238916
0.61719965
-1.9366663e-011
0.55029118
0.933762
0.49435753
1.4303658
-1.9366663e-011
-1.9366663e-011
1.3358144
1.4975324
0.43630694
1.9898664
-1.9366663e-011
1.1688104
0.24507364
1.3675805
1.4975324
-1.9366663e-011
-1.9366663e-011
0.28131084
0.098428771
0.65259844
-1.9366663e-011
-1.9366663e-011
-1.9366663e-011
0.36469968
-1.9366663e-011
0.43934991
0.34542882
-1.9366663e-011
0.54954772
-0.38393887
0.080406828
0.581757
0.084042735
0.22860886
1.3356312
-1.9366663e-011
0.7253549
0.62907986
1.2036283
0.065547754
-1.9366663e-011
0.34142739
1.3570347
1.4048354
1.5989408
0.066187215
1.4975324
1.35912
-1.9366663e-011
0.31390518
0.34997839
0.56668079
0.034250415
0.49435753
0.25634644
-1.9366663e-011
1.4975324
0.12968631
-1.9366663e-011
-1.9366663e-011
0.083259701
1.4336687
0.13906396
0.12443901
0.62002681
0.34703464
-1.9366663e-011
1.2036283
0.26729753
1.2239878
1.3227126
0.49960455
0.27275385
1.9643753
1.3227126
-1.9366663e-011
-1.9366663e-011
0.71467956
0.25837925
1.4238916
-0.34609595
0.29044652
-1.9366663e-011
-1.9366663e-011
0.83250812
0.59418672
1.4791813
1.2149238
1.2250174
0.10794771
1.3675805
3.025142
0.19504741
1.2022817
0.1184406
1.4238916
-0.33863728
0.34983421
1.2950128
0.49172698
0.56422988
0.26205649
0.080320053
0.13523796
-1.9366663e-011
0.1621113
-0.328291
1.6011394
0.99661625
-0.47920882
-0.020579113
0.81453303
0.00616574
-1.0693228e-011
-1.0693228e-011
1.9093138
1.8325583
-1.0693228e-011
-0.87562565
-1.0693228e-011
-0.18336353
-1.0693228e-011
-0.06485533
-1.0693228e-011
1.2204738
1.241402
-0.15064831
1.6965186
-1.0693228e-011
-0.18952065
-0.31808089
-0.10430572
-0.89995293
-1.0693228e-011
-1.0693228e-011
1.834894
-0.13329786
1.5886559
0.87605028
-1.0693228e-011
-1.0693228e-011
-1.0693228e-011
-1.2568707
1.7650712
1.2349364
-1.0693228e-011
-0.27114956
-0.10729187
-0.26831198
-0.42748875
1.1038195
1.6549885
-1.0693228e-011
1.7650712
0.14148629
-1.0693228e-011
-0.085865832
-1.0693228e-011
-0.13645153
1.27405
1.9093138
0.7780682
-0.41843112
2.3976411
1.4060475
-0.13259121
0.91151428
0.01946007
-0.32527427
-0.27965817
-1.0693228e-011
-1.0693228e-011
0.29664602
-0.36050224
-0.28360065
1.5677762
2.3976411
-0.16482569
-0.1927183
-0.032056671
1.6971875
-0.39586565
-0.40543491
-0.31487634
-0.31923978
-1.0693228e-011
-1.0693228e-011
-0.16636827
-0.21969554
1.0694251
-1.0693228e-011
-0.066173674
1.9093138
1.2540681
-0.39941419
-0.40741361
2.1075107
-0.34807948
-1.0693228e-011
0.020435231
-0.70952187
-0.62203636
0.23602607
-1.0693228e-011
0.59005088
-1.0693228e-011
-1.0693228e-011
-0.2118996
-0.29646373
1.262801
-1.0693228e-011
-1.0693228e-011
-1.0693228e-011
-1.0693228e-011
0.57123847
-0.011396265
-0.30804016
0.53943521
-1.0693228e-011
-0.46361894
1.7989696
-1.0693228e-011
-0.20009193
0.00074659365
1.5540457
0.63295771
0.84458563
-1.0693228e-011
-1.0693228e-011
-0.11248211
0.0020555651
-1.0693228e-011
-0.41454545
2.1075107
1.3628179
-1.0693228e-011
2.3976411
-1.0693228e-011
-0.28839626
0.44824792
0.52137818
0.036410165
0.15662218
0.4268925
0.54228069
0.36057614
0.47226798
1.3024476
1.0104913
0.27433971
0.21490779
0.6072576
0.48740651
1.4296282
0.27809573
0.68997331
0.87234158
1.3370804
0.42154135
1.671436
0.80086213
0.738976
-0.058110258
1.4552969
1.6295378
0.41519389
1.4754892
1.1997692
1.2379904
1.0739897
1.7129459
0.48417589
1.4306879
0.76090225
1.9657498
2.0745794
-1.4195931e-011
1.7129459
0.1810789
0.34365918
0.6920046
1.3566804
2.1756805
0.80900973
1.2329812
1.8203822
1.9657498
1.3009028
1.3503451
1.0691417
0.92821716
2.5081342
0.48780069
0.95711476
2.2511389
1.4588039
1.7129459
1.9075753
1.9657498
1.667339
1.1130925
1.8203822
1.3183191
1.4174286
1.6295378
0.14127177
2.1756805
1.0719933
1.6290909
0.80342852
1.9657498
2.1756805
1.5622909
0.97953485
1.9657498
0.87485555
1.5622909
1.4055185
-0.0019577005
1.5108485
1.5192213
1.4510954
1.671436
1.9657498
1.6295378
1.8203822
1.6639862
0.69658435
-1.4195931e-011
1.0876092
1.8203822
1.7140682
1.7129459
-1.4195931e-011
0.57227028
0.66974218
0.86948892
1.3728317
1.2661517
-0.027867771
1.1375957
0.18345247
1.2167137
0.97337738
1.0011759
0.39085597
1.1162538
1.8203822
1.9657498
1.5622909
0.56314327
1.4493673
1.2152025
1.7129459
1.5622909
0.41977953
0.23834783
1.9949863
1.6371888
1.4025707
0.8200335
1.671436
1.509495
1.5064043
0.3296221
0.39579591
1.9657498
0.9156666
1.6295378
1.3119212
0.84105574
1.3474118
1.6295378
2.0118272
2.0635125
1.6295378
-1.4195931e-011
1.0049304
1.9657498
1.326192
1.2167137
0.33052203
1.5735338
0.68335862
0.0032463244
1.2309653
1.1435202
-1.4195931e-011
1.8203822
1.2506725
0.26795958
1.9051674
1.8203822
1.4174286
1.464119
1.3327069
1.8724807
1.3516778
1.5513356
0.44078478
0.46663158
0.47237494
1.2656507
1.9655204
1.3961004
1.3411067
1.8348314
1.5978234
2.0477783
1.864145
1.43791
1.6158566
1.691774
1.8774167
-1.4195931e-011
1.5539027
1.4767314
1.4170261
1.7061951
0.89821484
-1.4195931e-011
1.9657498
1.7129459
1.2266411
2.5306713
1.0912137
1.3118446
0.730397
1.3119212
1.3480604
0.84935762
0.75969996
1.4168075
0.30667341
1.5997248
0.67085825
-1.4195931e-011
1.667339
0.90322336
1.5560385
0.89902015
1.1671703
1.1602501
1.0607723
1.723795
2.0118195
1.5829378
1.8377237
1.773271
2.1756805
1.9657498
0.77815062
1.3119212
1.4959245
2.1066909
-1.8250762e-011
1.3780667
1.924362
0.16652764
0.52698191
1.9700389
1.3780667
-1.8250762e-011
1.3780667
1.3780667
1.3780667
0.38143391
1.1599746
-1.8250762e-011
-1.8250762e-011
-1.8250762e-011
-1.8250762e-011
0.85185853
0.9617225
0.97733055
1.9138988
1.4920652
-1.8250762e-011
-1.8250762e-011
0.17883039
0.2376445
-1.8250762e-011
2.3235629
-1.8250762e-011
-1.8250762e-011
1.4397806
-1.8250762e-011
1.1625761
1.715318
-1.8250762e-011
1.0236061
-1.8250762e-011
0.90300313
1.1463625
0.2489503
0.81456543
-1.8250762e-011
0.39420749
0.70981351
0.36838888
1.4334048
1.0884364
0.33650973
1.3978801
1.0520623
2.5235715
1.0423025
-1.8250762e-011
0.34900147
0.957116
0.86877343
0.94799168
-0.1763563
0.91668044
1.2608604
-1.8250762e-011
-1.8250762e-011
-1.8250762e-011
1.7086675
-1.8250762e-011
-1.8250762e-011
0.98396742
0.42257171
0.27039451
1.6789581
0.077405439
0.29312307
1.3890392
1.1126608
1.4153747
-1.8250762e-011
1.0806336
-1.8250762e-011
-1.8250762e-011
0.0021750089
-1.8250762e-011
-1.8250762e-011
1.2959842
1.4159418
0.34196887
0.22674955
2.3824689
-1.8250762e-011
-1.8250762e-011
1.1214486
0.70870397
-1.8250762e-011
1.3592552
0.40020237
1.7007373
0.34934443
0.71682761
-1.8250762e-011
0.34183386
0.33772406
0.18836338
1.6789581
1.2550993
1.0990485
-0.014351351
0.97733055
1.6076717
2.5323146
1.8299771
1.2587394
-1.8250762e-011
-1.8250762e-011
0.56698465
1.7122818
0.4036997
1.161553
0.82700095
2.3528374
1.161553
1.3195847
0.079027324
0.82192055
0.1531559
1.3838488
0.17461703
0.95543196
1.5737991
1.1942481
1.0469154
0.68712505
0.70149807
1.0756964
1.1184777
0.26970129
0.88821908
0.41561637
0.7367306
1.2766739
0.89370703
1.0255099
1.2441852
0.94877269
0.95121954
0.99691773
1.3345343
0.98657
0.9086061
0.15982207
0.48885603
1.0709589
0.69690096
0.37942154
0.7671618
1.4583807
0.17022327
1.0154906
1.3153319
0.83489991
-1.5002679e-011
-0.03618855
0.78125779
0.92466495
1.6401265
1.3186635
1.3854325
0.6246874
0.73572441
1.1456744
1.3462199
0.72758866
0.87812935
1.705597
0.5610521
0.9280731
0.19789929
0.25535194
0.8370065
1.7690319
0.80328197
0.84315859
0.25759086
0.19517066
0.048684516
1.0154906
1.1866698
1.3253232
0.56970925
0.78794527
0.95027298
0.6962176
1.0824524
0.9369515
-0.090712752
0.43318276
1.1388727
1.0309579
0.69636839
1.4330657
-0.020326585
0.026986553
1.0810893
0.82674501
0.68044369
0.2821287
0.91262301
0.2362698
1.8797248
1.0857425
0.71372237
1.1816073
1.3064906
1.0154906
0.67660278
0.82175176
1.4056686
1.8365863
1.3083488
0.63637687
0.22621463
1.2118289
1.6270819
1.3937576
0.61660638
0.95755012
1.2509725
-1.5002679e-011
0.9773216
0.22182864
1.0310725
1.1286978
1.1089979
0.63793879
1.0024122
0.11119385
1.6425351
0.51407616
1.3389471
0.58736679
1.225475
0.48351571
1.6528952
1.5426271
0.22034972
0.49365776
0.91596237
0.91596237
1.1238592
1.2284164
1.5686099
1.5016042
0.59412458
1.0154906
0.75164554
0.054749464
1.2390045
0.77783627
0.77365265
0.5622218
-1.5002679e-011
0.99254332
0.67660278
1.7562137
0.24535752
0.78171183
-1.5002679e-011
0.1311025
0.9034827
-1.5718012e-011
-1.5718012e-011
0.16684828
0.64013994
-1.5718012e-011
1.0969798
0.4957083
0.54985412
0.81345566
-0.72972878
1.315896
1.0385124
1.2761478
0.34366785
0.68761043
-0.082412936
-0.18321601
-1.5718012e-011
0.025515005
0.51015032
1.6052461
0.85976559
0.95873359
0.071173912
-1.5718012e-011
0.90313661
1.178553
-0.12455884
-1.5718012e-011
0.11251225
0.33812672
-1.5718012e-011
1.1764543
0.53867684
-0.170031
0.17864676
-1.5718012e-011
-1.5718012e-011
0.46807413
-0.036291284
0.67524008
0.35548916
0.66217534
0.9885606
1.1801553
0.048091531
0.073888633
-1.5718012e-011
-1.5718012e-011
0.86795091
0.69681365
1.1708008
0.24542973
0.37118199
-1.5718012e-011
2.2036391
-0.22622404
0.1186126
-1.5718012e-011
0.99548422
0.1186848
-0.23351297
0.2248668
-1.5718012e-011
-1.5718012e-011
-1.5718012e-011
1.3484953
1.1391504
-0.18031969
0.98026437
-1.5718012e-011
-0.2000581
0.018655783
-1.5718012e-011
-0.42818682
0.21683583
-0.0084323437
-1.5718012e-011
0.30922004
0.34479617
-1.5718012e-011
0.23462979
0.75246237
-0.69239685
-1.5718012e-011
-0.01451919
0.24583523
-1.5718012e-011
0.1106654
-1.5718012e-011
-1.5718012e-011
-1.5718012e-011
-1.5718012e-011
1.09844
0.12626969
0.24362969
-1.5718012e-011
1.0010203
-1.5718012e-011
-1.5718012e-011
-0.25592784
-1.5718012e-011
0.29568033
0.46807413
-1.5718012e-011
-1.5718012e-011
-1.5718012e-011
0.20555467
0.4908038
1.1945587
0.29567051
-0.77563728
-1.5718012e-011
0.039026616
0.0027384313
-1.5718012e-011
-1.5718012e-011
-0.66999914
1.4989965
0.35589516
0.16021269
0.054127634
-1.5718012e-011
1.619102
-1.5718012e-011
0.036974084
0.0034294631
0.35733331
0.44444303
1.145568
0.33396142
-0.6250311
-1.5718012e-011
0.46807413
0.34872772
0.89267407
1.4343209
1.770667
1.4444958
1.203491
1.3070817
-1.424477e-011
1.7884435
0.27657676
0.042552127
0.11937716
-0.0064495345
1.3725032
1.1081356
1.3927854
0.028193209
1.3030081
1.5884227
0.62500783
1.645023
1.3839005
2.011412
1.5081535
1.2518237
1.9609741
1.4655608
1.5608473
1.6798288
0.20273782
1.1881743
1.8072882
0.39277267
1.4231084
1.6672952
0.77831391
1.5206277
1.5056735
0.092365885
1.2683674
0.38938834
0.63862307
1.7799621
1.9178995
1.2854296
1.5884227
0.50292651
1.1854648
0.67235734
1.0367609
1.6940457
1.3221544
0.83877025
1.3947517
1.3064996
1.5348737
0.50870945
0.43231724
1.1232099
0.45129909
1.1653625
1.441854
1.4032323
2.3820186
1.5997731
1.4816765
2.3820186
1.0905501
1.4204291
1.2505158
1.1405274
0.18072732
1.4397383
1.5410907
1.547005
1.1730772
1.5020708
1.2993355
1.5884227
1.9276359
1.5073288
0.72459265
0.058587276
1.8380322
1.6940457
1.6940457
1.5884227
1.5118146
0.059417213
1.1803257
1.26815
1.5884227
1.8380322
1.7610026
0.46011832
1.5884227
0.7250855
1.3304645
0.17946506
1.2047505
0.47382002
1.3728992
1.2666671
1.5070263
1.1406241
0.26893005
1.957626
1.3385502
1.388033
0.20095016
1.3030383
1.4139142
1.6254549
1.5185706
1.4947887
1.3999858
0.75938312
0.15491239
-1.424477e-011
1.6940457
1.5276451
0.083546345
1.5070263
1.0834596
1.2493922
0.68470798
1.6892547
1.5884227
2.2787021
1.6952401
1.3230812
0.50463068
0.75112616
1.3646798
-0.043143472
0.43489597
1.0723498
-0.021522213
-2.0097192e-011
0.071395874
0.47191418
1.6763282
0.79299711
-0.021306723
0.26647812
-2.0097192e-011
0.40779028
0.7605131
1.689685
0.9667362
0.55271353
0.63382033
0.38714761
0.54584395
0.79588762
0.5094281
0.72268152
1.0052559
1.2363316
-2.0097192e-011
-2.0097192e-011
-0.091565053
1.1432196
0.67069904
1.1971588
-0.0065913619
0.0078332426
-0.40329634
-2.0097192e-011
0.97685871
0.074988659
0.78376854
-2.0097192e-011
-2.0097192e-011
1.2523569
0.87202471
1.2481516
0.91403937
-2.0097192e-011
-2.0097192e-011
0.52218477
0.0084546368
-2.0097192e-011
-2.0097192e-011
1.0699128
0.61478576
-2.0097192e-011
-2.0097192e-011
1.4896659
0.020063235
-2.0097192e-011
-0.66421711
0.45465363
0.9720668
0.088346883
0.55578601
-2.0097192e-011
0.52419611
0.83623801
0.26267579
-2.0097192e-011
0.24773635
-2.0097192e-011
1.1204186
-0.37682859
0.066966508
-2.0097192e-011
0.22892243
-2.0097192e-011
0.073548589
0.70633557
1.5396148
1.1305389
0.45014949
0.096193643
1.4976354
-2.0097192e-011
0.87638926
0.68247823
2.4440391
0.40818449
0.017314237
-2.0097192e-011
-2.0097192e-011
-2.0097192e-011
0.081474295
-2.0097192e-011
-2.0097192e-011
-2.0097192e-011
1.0341498
-2.0097192e-011
0.059367427
0.91518802
1.2661073
0.90709717
-2.0097192e-011
-2.0097192e-011
0.35987143
0.060933058
0.94805088
0.87847599
0.53831961
0.83643766
-2.0097192e-011
1.0802585
0.50346523
0.048658293
-2.0097192e-011
0.18854222
0.11490452
-2.0097192e-011
0.073247359
-2.0097192e-011
-2.0097192e-011
-2.0097192e-011
1.0417246
-2.0097192e-011
0.40749095
0.90059128
1.0743193
0.94892787
0.99416116
-2.0097192e-011
-2.0097192e-011
-2.0097192e-011
0.04474081
0.057831656
1.0271856
0.51928977
0.73196329
-0.020187043
1.0842314
-2.0097192e-011
-2.0097192e-011
0.82528296
-2.0097192e-011
0.3526959
1.0211921
-0.41018413
1.0754949
-2.0097192e-011
0.35770034
-2.0097192e-011
-2.0097192e-011
0.6224493
0.029241878
-2.0097192e-011
0.85515413
-2.0097192e-011
0.59974314
0.48681469
0.54934137
-2.0097192e-011
0.009265769
0.017314237
1.4097214
1.0564079
-2.0097192e-011
0.82367734
0.98956907
0.54953687
0.079339548
-2.0097192e-011
0.075546329
0.27504338
-2.0097192e-011
-2.0097192e-011
-2.0097192e-011
1.4110657
