1.5172873
1.1184909
1.2116495
0.85005644
2.4794411
1.7185476
0.65111965
1.7717727
1.0255835
2.4749125
1.6828109
0.55424096
1.5551938
-0.0068613298
2.1366759
1.307335
1.5457297
1.4158574
1.5868649
1.391327
1.411562
0.7083369
1.3224096
0.6638748
1.8291069
1.3482861
1.2562175
1.6380665
1.7617615
1.4631983
0.78714128
1.2861744
1.8058585
1.5332307
0.89400478
1.9027238
0.97896727
1.2475704
0.74370073
1.3314775
0.14621984
0.57025064
0.18732973
0.49157303
1.8654409
1.9247085
2.1783815
0.27402063
1.7139162
1.2986776
1.8417569
-0.071190732
1.026883
0.21803515
1.5982299
2.1045779
1.6916435
1.5940257
2.2112544
1.470325
0.61682605
1.7517321
1.1885204
1.204068
1.2432504
1.0781755
1.0111585
1.7607943
0.98898536
1.2596581
1.4224039
1.1698068
1.057801
0.85138004
1.3438116
0.21222046
-0.0058276741
1.9851876
1.2191876
1.5105404
1.618487
1.393432
2.2817631
0.98015989
0.86429406
3.0911444
1.8960211
1.0093589
0.98021011
1.3969798
1.0511386
2.0519861
1.3124919
2.2704621
1.1205902
1.2551909
2.4537995
0.83048439
0.47437793
1.2131022
1.2405348
1.9173354
2.224645
0.70630275
1.5202701
1.4738105
1.2501043
0.51855338
1.4569995
1.4456299
1.3373232
0.7711359
1.4891541
1.1440446
1.4505126
1.7572018
1.6245509
0.78208257
0.72359805
1.482333
0.42241006
0.2408884
1.9844334
1.2380958
0.79617648
1.2937488
1.3264782
1.4324778
1.553566
0.95835018
2.0815637
1.5061159
0.39446592
1.360641
0.20450348
1.2741854
1.6128611
1.5802415
1.9980025
1.1510043
2.6442553
0.80288377
1.2731399
0.63771226
1.9860569
0.85706348
1.5158869
0.24350194
0.85929129
2.0744508
1.67924
1.6087679
1.0420326
2.1152406
1.5318154
1.7547697
0.91762709
2.0479643
1.0232124
1.4877867
2.0451437
1.3316746
1.1090473
1.6001379
0.54384309
1.2845741
-0.045166973
1.6598585
1.7340647
2.2605308
-0.027905724
2.0390301
1.4031485
1.0284908
1.2648268
1.3596847
1.6809743
0.79473719
1.0493153
1.617998
1.0501992
1.125362
1.3253478
1.0734852
-0.025639156
0.62636535
1.6892034
1.9104647
2.0388482
0.84737575
1.8458039
0.74383552
0.88120008
2.2854273
1.8035936
2.2556227
0.95404251
1.9530217
0.9764486
1.6274285
1.3860312
0.81764667
0.99913321
1.2761769
1.5904854
0.87074043
-2.078169e-012
-2.078169e-012
-0.41224979
-0.089648347
0.73844105
1.6318286
0.71162221
1.6318286
1.3378588
-0.017675385
-0.21194967
0.073075924
-2.078169e-012
-0.45112253
-0.14800021
-2.078169e-012
0.52828419
0.32591288
0.038942198
-2.078169e-012
0.3777357
-2.078169e-012
-2.078169e-012
-2.078169e-012
-2.078169e-012
-0.14065791
0.13449893
0.35489437
1.6318286
1.2300192
-0.085777156
2.5202861
-0.0014133416
-2.078169e-012
-2.078169e-012
-2.078169e-012
-0.060377276
-0.033481662
-0.22714121
1.6318286
-2.078169e-012
0.11777744
1.6318286
0.3006527
0.34676711
-0.0016443205
-2.078169e-012
0.19729525
-0.17806247
-2.078169e-012
-2.078169e-012
-0.072201307
-2.078169e-012
0.66726264
0.12570091
-2.078169e-012
-0.18128122
-0.063258161
-0.10461679
0.2902935
1.7700468
1.4517564
0.24102502
0.35616697
1.4425084
2.2766518
0.22383329
0.20318089
-1.253239e-012
1.8767312
1.3953287
0.78130217
0.59258941
-1.253239e-012
0.53701058
-1.253239e-012
0.23587899
-1.253239e-012
0.2268281
0.87306195
-1.253239e-012
0.22908761
0.20458337
2.4552151
2.2278015
-1.253239e-012
-1.253239e-012
1.5959264
1.3856218
1.2054139
1.7905623
0.11394408
0.18067413
0.58900629
1.7175004
-1.253239e-012
1.0193337
2.0093531
0.1473093
-1.253239e-012
-1.253239e-012
0.40139352
3.0075234
0.17944171
0.27069446
0.67034224
-0.34161199
0.98914281
1.3693058
1.7514365
0.70088263
-0.25909412
1.3577093
0.69897702
0.51791304
-2.084211e-012
-0.10715868
-2.084211e-012
0.78772104
1.4157412
-2.084211e-012
0.071889671
0.073193251
-2.084211e-012
0.49055284
-2.084211e-012
-2.084211e-012
0.41682472
1.9083735
-0.37156576
-0.050904988
0.28295753
-0.2039756
-0.0091154719
0.25013804
-2.084211e-012
-2.084211e-012
1.039269
-0.058993009
-2.084211e-012
0.092771045
-0.023260857
1.6005571
0.14458283
0.72248253
-2.084211e-012
0.92556618
-0.52160051
-2.084211e-012
-2.084211e-012
0.7492316
1.4929307
0.18542735
0.85103977
1.6652673
1.197278
-0.087320189
0.18947721
0.011634637
1.926238
-1.8429852e-012
0.16067955
-1.8429852e-012
-0.021767558
0.48316072
0.36088208
-1.8429852e-012
0.17807711
-1.8429852e-012
-1.8429852e-012
-1.8429852e-012
1.8013842
0.6653759
1.1591261
-1.8429852e-012
1.8759182
-0.035532894
-0.0044837812
-0.039691943
-1.8429852e-012
0.21140423
-0.10747823
-1.8429852e-012
0.33150338
1.4856666
1.2585268
-0.069486835
0.075864992
1.473616
-1.8429852e-012
0.1033579
-1.8429852e-012
-0.022093016
0.049668791
0.1334132
-0.19658668
1.3910818
0.11721211
0.11243546
0.37217314
0.29999368
1.8241839
1.6218551
1.8681359
-1.8429852e-012
-0.095721232
1.5105165
2.126153
1.1249777
0.47792641
2.0893783
-1.8429852e-012
0.12342371
1.8013842
2.5249622
1.926238
1.6297823
1.8391519
1.3531686
1.2321449
-1.8429852e-012
0.29230911
1.0029374
0.0079329561
0.10404696
-0.067371054
-0.027375651
1.0404806
2.0893783
-1.8429852e-012
1.3300307
1.926238
0.16463123
1.2635462
0.94232891
2.3118624
0.36954257
-0.0014309794
1.5000282
0.24545242
0.064603425
1.1245234
0.92583157
0.074385824
1.5651103
1.9330364
0.59536994
1.5627211
1.6580331
1.8797151
0.83994141
1.2725747
0.94979971
1.8400215
1.6901047
0.1806379
-0.72587465
1.4533363
-0.16946682
2.3504713
2.1835061
1.7641836
1.1164656
1.695081
0.9897798
0.033309684
1.1638186
1.5633268
1.8775036
2.0831043
1.6686036
1.3396546
1.5584868
1.2614407
2.0334594
1.6715351
1.8882566
0.73952404
1.7641836
0.81740398
2.0677475
2.9520898
1.4954175
1.0795903
1.5389086
1.5690232
2.1009408
1.791602
1.8278238
1.1878543
-1.2370987e-012
0.44100873
1.2080633
2.2937555
1.7673587
2.9255313
-1.2370987e-012
-1.2370987e-012
0.21012683
1.5465705
1.3581708
2.3628128
0.50741485
0.18579076
2.0735433
1.5830642
1.344117
1.5598385
1.5192382
1.0610342
0.88072501
2.8435364
1.5061764
1.8483095
0.32744767
1.8774438
1.3369
2.2304823
0.66032857
1.2080633
2.2629782
2.4767658
2.9255313
1.2763469
1.5114956
0.84753567
2.0093602
-1.2370987e-012
1.6280722
-1.2370987e-012
1.9103271
0.55397332
1.1330558
1.1369543
0.21302938
1.0479452
1.4669841
0.78993586
2.1322821
2.2434548
0.45834324
1.9221894
1.7949059
1.5389086
1.8097238
2.5844405
1.9146111
0.54948342
1.3076397
1.3478753
0.84172734
2.1835061
0.90657539
1.8459565
0.30168358
1.1095082
1.8281467
2.3628128
1.9330364
2.0641489
1.8045235
1.4250648
2.3628128
1.8477796
0.31464262
-1.2370987e-012
2.6037131
2.247334
2.247334
1.8413442
0.72149215
1.3369
1.6558173
1.944664
1.5443175
1.9566511
-0.067774023
0.030269407
1.786385
0.073690808
2.0679992
0.53788168
2.5123339
1.3615407
2.5181
1.3974173
0.36886517
0.54482391
2.2554162
0.21719874
1.9356634
1.5107439
0.94649853
1.2671928
1.6288337
0.036751437
0.78577836
1.5727926
2.2662103
1.1497546
-0.032200525
1.7402263
-1.2370987e-012
1.4250648
1.2080633
0.69286406
1.5629555
1.9861712
1.2261606
1.3798618
1.6967995
-1.2370987e-012
0.45173514
2.6037131
1.9291753
1.8396559
1.6189229
2.5097313
0.424739
1.1339725
2.0444603
1.6150681
1.7169324
1.2895092
-1.2370987e-012
0.67704883
1.9098267
1.8796425
0.035620032
1.3803442
1.3709832
2.3278558
0.65857553
1.5389086
1.7995419
0.25248411
1.7550908
-1.2370987e-012
1.073239
1.4877211
0.013450877
2.1465174
1.7075321
2.2748655
-1.2370987e-012
1.0229264
2.4504723
1.4318984
1.7641836
1.4593439
1.158989
-1.2370987e-012
1.6685872
1.9412495
2.1091325
1.6846326
1.4385751
1.5332885
1.6466973
1.301262
2.6674012
2.0935716
2.2090878
1.7450871
1.245457
1.3935473
2.6610337
1.1073714
0.35459374
1.5298192
1.8413442
1.2662594
2.1240405
1.2609722
1.9833219
2.0292105
1.8485716
1.4250648
1.9330364
1.1869345
1.7349997
2.107812
2.1091539
2.3009736
2.0444603
2.307882
1.5081405
1.5472559
2.6037131
1.5918617
0.83512277
0.2304327
1.5835623
2.1835061
2.1835061
-1.2370987e-012
1.5245895
2.0444603
1.9654552
2.1835061
2.1835061
2.6470029
2.054243
2.0444603
1.888997
2.4538599
2.0318188
1.452192
-1.4499806e-012
-1.4499806e-012
-1.4499806e-012
2.7565567
-1.4499806e-012
-1.4499806e-012
-1.4499806e-012
-0.029810299
1.1045844
-1.4499806e-012
0.66500804
-1.4499806e-012
-1.4499806e-012
-0.19142986
-0.031289188
-1.4499806e-012
-1.4499806e-012
-0.11009647
-1.4499806e-012
0.15444967
-0.042526497
-0.055559589
-1.4499806e-012
-1.4499806e-012
-1.4499806e-012
-1.4499806e-012
-0.023712405
-0.02697602
-0.032198296
0.43430736
0.15293487
-1.4499806e-012
-1.4499806e-012
-1.4499806e-012
-1.4499806e-012
-1.4499806e-012
-1.4499806e-012
-1.4499806e-012
-1.4499806e-012
0.16411149
-1.4499806e-012
-0.32817671
-1.4499806e-012
-1.4499806e-012
0.72948715
0.33773421
-1.4499806e-012
-0.072288993
-0.038576325
-1.4499806e-012
-1.4499806e-012
-1.4499806e-012
-1.4499806e-012
-1.4499806e-012
-1.4499806e-012
-0.048945446
0.79218387
-0.39217171
-1.4499806e-012
-1.4499806e-012
-0.13737356
-0.12236594
-0.054588687
-0.26961615
-0.16528146
-1.4499806e-012
0.032836523
-0.35667033
-0.031502974
-1.4499806e-012
-0.31030772
-1.4499806e-012
0.26845517
-1.4499806e-012
-1.4499806e-012
-1.4499806e-012
-0.435397
-1.4499806e-012
-1.4499806e-012
-1.4499806e-012
-1.4499806e-012
-0.14012923
-1.4499806e-012
-1.4499806e-012
0.47661135
1.4029366
-1.4499806e-012
-1.4499806e-012
-1.4499806e-012
-1.4499806e-012
-1.4499806e-012
-0.033180097
-1.4499806e-012
0.61617038
-1.4499806e-012
0.27934643
-1.4499806e-012
-1.4499806e-012
-1.4499806e-012
-1.4499806e-012
-1.4499806e-012
-1.4499806e-012
0.49835027
-1.4499806e-012
-1.4499806e-012
-1.4499806e-012
-1.4499806e-012
1.3418348
0.91541127
0.44568486
2.4264244
0.60358646
-1.1549694e-012
1.3162442
0.90952368
-1.1549694e-012
0.6325799
1.148084
0.79324981
0.34744078
1.2796083
-0.0045106991
1.4882098
-0.057573131
-1.1549694e-012
0.4525225
0.7428534
-1.1549694e-012
0.59920923
0.041259337
0.068812146
0.71029
-1.1549694e-012
1.1847711
0.63714117
0.42941641
0.10692623
-1.1549694e-012
0.94479209
-1.1549694e-012
-0.041638467
1.0187511
0.71434169
-1.1549694e-012
0.34131504
0.0090267773
0.11791979
0.79477249
0.59141143
-1.1549694e-012
0.50117153
0.69233371
0.88587258
-1.1549694e-012
0.88831439
-1.1549694e-012
0.5886642
0.37465611
0.60331477
0.24387344
0.15028453
0.3513641
0.54956483
-1.1549694e-012
-0.069076027
0.26439071
-1.1549694e-012
1.5337892
-0.060336094
0.70086006
0.11250567
-0.012989244
0.63714117
0.87189799
0.1174853
0.55042762
0.56493798
0.32991916
0.70086006
1.0411935
0.45528514
0.97285175
0.75740142
0.83330462
0.25117392
0.019504054
0.70086006
0.016299538
0.35185673
-1.1549694e-012
2.0645176
0.53521319
-0.016042466
1.1561367
1.3645284
0.52988735
0.16753159
-0.16419675
1.4766937
0.62912689
1.0820881
0.5489046
0.34326437
0.04128011
-0.0070963094
1.2507121
1.0354887
0.87092144
0.20904051
0.00082836716
-1.1549694e-012
1.0423853
0.48682092
0.39836562
-1.1549694e-012
0.55042762
0.30514308
0.52980234
0.61648995
1.324913
0.57785578
0.26403414
0.076448824
1.7802994
-0.13536738
0.97854835
0.11796236
1.0462453
-0.070403346
0.29958873
0.04256785
0.19649785
0.70877027
0.65553096
1.1799363
0.49077784
0.5886642
0.28766189
-0.058396769
0.31680205
0.79502101
1.4422753
-0.046562585
1.8052741
0.24053435
0.66472038
-1.1549694e-012
0.32019243
1.1162999
0.5829191
0.94194614
0.93782639
1.0950268
0.70086006
1.1702331
0.64504663
0.34681534
0.10715364
0.51933735
0.9037163
0.52721905
2.1808898
1.1177343
0.78542751
0.7331332
-1.1549694e-012
0.86448852
0.076328552
0.10947028
0.20199003
-0.01156797
0.040576662
1.2177632
0.022932982
-0.058014854
0.35523846
0.041453086
1.7721494
0.75323168
-1.1549694e-012
0.45898967
-0.11443281
1.2193454
0.44995315
0.38034505
0.46055076
0.90360996
0.31311686
0.70872075
-0.035119839
0.83407387
-2.5530107e-012
-0.11158069
0.81608241
0.32261757
-0.17190083
-0.016831551
0.072196435
0.58003087
0.0571932
0.39151063
0.19601918
0.90004919
-2.5530107e-012
1.5352784
0.32531878
-0.089829487
0.2654505
0.95626795
0.38119348
-0.058942114
0.66005463
0.19679605
0.94093103
0.44258058
-0.18193329
0.14301333
0.88821722
-0.067361522
0.02278942
-0.013760414
0.79345862
0.38914714
0.30305714
0.6739572
0.66124656
0.74765558
0.68802945
-0.011966542
0.48195195
0.87349616
0.44396354
0.067607349
0.21161363
0.21885223
0.94930376
0.87354879
-0.014499318
0.079135899
0.57131512
0.44342046
0.75297614
-0.025563133
0.052302858
0.27086768
0.93985714
0.37169436
0.54845032
0.68885294
-0.054676408
-0.11891039
1.2169257
0.16657997
0.77266602
0.19211006
1.5588486
-0.82917982
-0.03829286
0.92216576
0.63658979
1.2389348
0.19517141
0.019307532
1.3464009
-0.2473224
-0.024015934
-0.22956586
-0.14947394
0.17272313
0.11052453
0.11490807
0.098479025
0.55724052
0.31716769
0.71554784
-2.5530107e-012
0.30995735
-0.037556677
-0.030953547
1.539981
0.92419899
0.11155784
0.79964957
0.60976027
-0.019956938
0.31105746
-0.13763562
-0.024098832
0.53784028
0.54701689
-0.11393266
2.6216749
0.14402952
2.1295272
0.47362342
0.55995953
0.16707681
-0.16331745
-0.0081512483
0.095677643
0.87776985
0.42643101
0.71423697
0.30035599
0.64607936
1.009501
0.26788003
-0.0057604411
0.23823099
0.47836259
1.0458604
-0.025893614
-0.043953828
0.37966779
-0.065083611
0.15477938
-0.12905825
1.5249928
0.669401
0.55963741
1.0774913
-0.23784937
-0.59772832
-0.05894066
-0.12676505
0.10913177
0.15918698
0.36810885
-0.07210329
0.98350893
0.022973439
0.96124046
1.5052904
1.285833
2.4184387
0.60244833
0.76177761
0.35355231
0.55982788
0.85892775
0.52261471
1.164525
0.1991186
1.4795009
0.63463835
0.41841607
1.0386763
1.1852281
1.7771942
0.4356687
0.55038564
2.737424
1.1244791
0.87572215
1.5186277
0.6711621
1.0955582
1.1728773
0.98091834
0.79661749
0.66109183
0.6566479
0.53085854
0.99022125
0.53666326
0.74561697
1.2941065
1.0583402
1.0328771
1.1572542
0.45249497
2.5534463
1.0656629
0.55997249
0.57023528
0.75673307
0.79743814
0.74750145
0.72925563
1.1507914
0.37465641
1.6072511
0.76354684
0.93551902
0.59963615
1.3168744
0.78023281
0.82154279
0.45037212
1.240363
0.47548083
0.74909472
0.68343374
0.53913772
0.94267116
2.1760095
1.1569516
0.93971374
0.73067197
1.3216572
0.92649451
1.1958926
0.10626093
0.70629042
0.77826274
0.87143031
0.5918309
0.88211657
0.72603261
0.8186623
0.32986159
1.4984248
1.2498134
0.2942617
0.27516174
-0.14159542
0.27509239
0.55492612
0.85066198
1.5875746
1.2941654
0.61107733
0.71906426
0.76448115
0.69112398
0.80953442
0.97090008
0.89392071
0.95596913
0.57871742
0.67237829
0.52263332
0.59667618
1.3680557
1.5336466
0.89176678
0.90147989
0.5310298
0.65055569
0.30577404
0.48984748
0.61101485
0.85787603
1.1521816
0.91569579
0.86319449
0.8215299
0.5197025
0.47154344
0.81302111
0.58988601
0.59140513
0.23103474
0.25374613
0.56824175
1.8548245
0.16902172
0.41581453
0.35226499
1.3897534
0.63727371
0.74521862
0.5298791
0.6153455
0.6471852
0.80434832
0.93417006
0.76352598
0.46655437
1.6349606
1.0887333
0.22304127
0.6576121
2.5608128
0.33206519
-8.9984432e-013
0.57584346
0.054103502
0.12229912
0.50129486
0.96741433
-0.15491215
0.59390586
0.27462087
0.52610154
1.5349445
1.03859
0.11612877
0.43897339
0.89702774
-0.15044914
0.13637471
0.80310125
-0.0030980754
0.64446038
0.56984374
0.84499273
-8.9984432e-013
1.6459943
0.84830623
0.36901531
0.85391992
1.0271904
0.21747644
0.94074555
-0.065609299
0.2850153
0.86814395
0.84763059
1.7712116
1.3448749
1.2165431
0.70129803
0.47352561
1.6308126
1.9407171
1.0442818
0.99615353
0.71964799
0.56797874
1.514631
0.79755409
1.9407171
1.472747
0.62665441
0.67575623
0.53214412
0.64930496
0.99699116
1.2356457
0.87365347
0.36034464
2.1842322
0.56876934
0.6443291
0.0040526029
0.57390287
0.51691684
-8.9984432e-013
1.8331023
0.63754931
0.54596669
1.5247051
0.28195848
0.049518358
-0.016479067
-0.012937102
0.51720873
0.72492778
-0.10530465
-8.9984432e-013
0.60751492
0.74025351
1.9407171
1.7712116
0.91715475
-8.9984432e-013
1.0524413
0.73707062
0.95201455
0.24940481
1.3113091
1.7056374
0.37702104
0.81753502
1.2435504
0.62736116
0.52610154
0.43530607
0.68486327
0.48278461
0.052815049
0.55240074
0.32359516
0.067174742
0.74845048
1.1211094
0.42826585
0.63883397
0.89147773
1.0256567
0.13334506
0.93772511
0.97005075
1.7612703
0.61408772
0.76295383
1.9407171
0.77218824
0.54705034
0.66224227
-8.9984432e-013
1.1812332
-8.9984432e-013
0.54422345
-8.9984432e-013
0.96059547
-0.030745038
0.72705894
0.728073
1.4203086
1.401388
1.5812801
1.3920022
1.8258247
1.4033109
1.4201579
1.2461096
1.3869298
1.8586563
0.96185029
-0.042792385
0.19588681
1.1389592
1.6859201
0.67293059
1.9014167
1.3950975
0.94679212
2.0335823
1.319902
1.2076997
1.9531438
0.20074178
0.91825868
1.2221964
1.424222
1.7229708
-0.12016259
1.2818019
1.7145825
1.7655504
1.5250005
0.83337328
2.7972415
1.4852107
1.2829125
0.78523327
1.55384
0.57369083
1.549857
1.7744066
1.3446597
1.4589108
1.2594936
0.48627661
-9.1796185e-013
1.5406155
1.6171719
1.2516174
1.2333769
1.5689242
1.7169881
1.6201651
1.4441427
1.5775794
0.68831089
1.0790808
1.4701953
0.93404591
1.7365816
1.2391556
1.469577
1.2228116
1.1719606
1.4310116
1.3426596
1.8112865
1.7835893
0.88207218
0.96340382
1.9958
0.59907479
1.6054214
1.595853
1.3640379
0.72185462
1.5417935
1.248398
1.2321457
0.6641437
1.4350893
1.6890673
2.0920086
-9.1796185e-013
1.5217851
1.6419211
1.4270571
1.2405796
1.4306223
1.1120197
1.0954482
1.3404729
1.823543
1.5739075
1.5326895
1.3365117
1.5028578
1.8136244
1.7225717
1.9567848
0.97641303
1.4612883
0.79854915
1.6115983
1.714824
1.3714374
1.5721278
0.4831142
1.8145946
0.91744883
-9.1796185e-013
0.88163599
1.9727181
1.7865859
0.69645142
1.2982901
1.9165946
1.4600659
1.9983089
1.6204022
0.75159128
0.92714616
1.2430701
1.4846593
0.52978483
1.2145957
0.8883187
1.0794703
1.1910984
1.1203161
1.5590403
1.7296679
0.99210257
1.1226061
1.4770477
0.4614684
1.6384014
0.82223355
1.4476427
1.2395322
1.2799299
1.823543
1.3051034
2.6003752
1.6171719
1.6152125
0.50982414
0.66586047
1.8575442
1.0229125
0.39023925
1.6738667
0.75570948
1.4307144
1.7912754
1.5140967
1.2916
1.1085003
1.5872646
0.94612909
1.552414
2.6514322
1.9958
2.1538681
1.1305325
1.660962
1.3834694
1.7860059
1.1059085
1.823543
1.5367834
1.5595385
0.60951866
1.4325916
1.5793208
1.6043628
1.4494531
1.6171719
1.8429453
1.4960552
1.9958
1.3660021
1.3234436
1.565251
0.51597781
1.0081599
2.2654501
0.93446115
1.5655555
1.2851797
0.97954279
0.93619261
1.5875023
1.5893268
1.4726053
1.301266
0.13933833
1.226942
1.4961735
0.93264536
1.8662373
1.5146613
0.82496681
0.83360534
1.5443929
1.7051704
0.77040566
0.98186662
0.091355052
0.83331751
1.823543
1.4925155
1.6171719
1.823543
0.15540592
1.9636809
0.25234165
1.8274964
1.4961735
1.3706448
1.427695
1.3738666
1.9049281
0.0090464784
1.477934
1.2000443
1.6875926
1.3175673
1.4370489
1.1053002
1.5499392
1.6171719
0.89067288
0.66866829
0.065217712
0.82245293
0.05850207
2.7315044
1.3412333
1.5111257
1.3093065
1.7045254
1.1062584
1.2252384
0.52779758
1.199774
0.44647999
1.9871672
1.1032016
1.9217846
1.3446921
1.6249931
1.8737477
1.6218171
1.1479464
1.702156
0.44808992
0.50041124
0.10978272
1.9160445
1.2145618
0.025754264
1.544859
-1.2479261e-012
0.6578363
0.6368936
1.0647831
0.13892447
1.5326139
1.9217846
0.9376209
1.1352807
1.2719671
1.7763345
0.12314
0.54863959
2.0748649
1.3654103
0.00060124358
1.4555694
1.858724
0.60824671
0.92887651
0.53806423
1.5821097
1.5863218
1.624663
1.3036903
1.8006017
1.3847917
-1.2479261e-012
2.3560704
1.5626111
0.33862738
1.3610089
0.074809561
-1.2479261e-012
0.43270017
1.2256524
-1.2479261e-012
-1.2479261e-012
1.631979
0.13582474
0.79050369
0.13859979
1.258403
1.1043047
2.0116572
1.1774299
1.2809814
1.448077
1.0660433
1.9184727
1.3845563
0.13520149
1.4054529
1.841939
0.97347978
1.2300664
1.3388487
2.229566
0.98474643
0.76064422
1.6294516
1.2908902
1.5388369
1.6290019
-1.2479261e-012
1.1061652
0.062483244
1.4230189
0.96343826
1.9217846
0.075775424
-1.2479261e-012
0.52391495
0.83225865
1.6418793
1.8817763
1.1385689
1.0171883
1.178887
-1.2479261e-012
1.7076654
0.78818848
0.022093116
1.7407194
1.7076654
1.1267651
1.3370526
1.446
0.64095945
2.5155191
1.1818584
1.2741263
0.452532
2.0748649
1.2280468
1.2641109
1.3262586
0.98711245
1.8030044
0.94231605
0.57141917
0.30747165
0.2034618
1.7076654
-1.2479261e-012
0.011284278
1.7076654
0.87659788
-1.2479261e-012
1.5944516
0.86701171
0.98641674
1.8030044
1.4555694
1.2075989
0.55221728
1.8030044
0.86491598
1.2612766
-1.2479261e-012
1.5685831
0.68553422
1.7076654
1.1159797
2.0707108
1.6018327
2.0225847
1.6290019
2.5901398
0.015366598
1.7369713
1.6290019
1.9452796
1.9186599
-1.2479261e-012
1.9943462
1.2520296
0.3714118
1.4767994
1.9217846
1.7076654
2.6698312
0.81539441
-1.2479261e-012
1.8104013
1.5054961
0.1081793
1.3298589
1.3463693
1.2227778
1.4586356
-1.2479261e-012
0.26427675
0.23210911
1.0102622
1.3767767
1.3900478
0.80950161
1.6208245
1.6290019
1.3032112
0.74228338
0.24336906
1.3725726
0.17698766
0.96390734
1.8563789
1.5054961
1.8297338
1.3851432
1.0794114
1.2227894
1.4048294
0.70322314
0.87522194
0.89888643
0.98965264
0.36231118
0.77168605
0.55887107
0.89711412
0.25192669
0.35069217
0.79801788
0.96328583
0.71028236
0.85639084
0.47064535
0.9251808
0.42081097
0.44267041
0.27926018
0.84627426
0.74246033
0.30264639
0.52052484
0.45097072
0.1464209
0.40240997
0.12876486
0.15164988
0.91276861
0.52136621
0.012246911
-0.054660423
0.74422202
0.012551419
0.3110074
0.84988082
1.1506951
0.88886797
0.81958098
-0.081795383
0.8838735
-0.088500077
-1.1180854e-012
0.74118768
0.57849687
0.74795267
0.7627924
0.6352294
0.82153812
0.84525226
0.17548445
0.31349996
0.27590585
0.47248012
0.52852088
0.77287346
0.79012953
0.72158656
0.014070799
0.80170513
0.67399709
0.77924439
0.96498789
1.4838943
0.84984317
0.71314878
0.82885942
0.27373764
0.66382867
0.76113898
0.39192499
0.96494237
0.96211008
0.65157965
1.0310373
1.2538359
0.75772801
0.5605547
0.73548369
0.72801784
0.21548298
0.62084391
-0.071930426
1.1393177
0.60118658
0.96328583
0.4634227
0.68249306
1.2439056
0.7916651
0.77877869
1.2091819
0.74453621
0.62273329
0.52824758
0.58498936
1.2460137
0.012441264
-1.1180854e-012
0.52539509
0.053870953
0.43403113
0.95468507
1.2429477
0.27161637
0.99664411
1.1733956
0.84976718
0.29020261
0.59954187
0.77829388
-1.1180854e-012
0.31638069
0.34916066
1.0257198
0.37647902
0.32208468
-1.1180854e-012
0.80157249
0.45445028
1.0309862
1.3510888
0.41078843
1.0107367
0.62993243
0.1297828
0.78315372
0.82936322
1.2563
0.97879366
1.0359562
0.69548125
1.0381702
0.89047124
0.39959898
0.96486621
0.58690548
0.79002307
0.347507
0.35241906
0.63566875
0.27179751
0.73701789
0.96328583
0.43125635
0.73294771
0.77950325
0.25879939
0.83795958
0.83562449
0.96657869
0.95807447
1.3863064
0.57217781
0.86778086
0.86076525
0.50339298
0.98870485
0.94617517
1.2454333
1.0407057
0.77821071
1.1393177
1.4595276
0.91568656
-1.1180854e-012
-0.097501731
0.21580493
0.686843
1.2753777
1.3644485
0.68199407
-0.13033412
0.60443769
0.76803776
0.45824802
1.0531838
0.67503279
0.77488666
0.37450544
0.38458823
0.73750357
0.92047274
0.66736925
0.34733314
0.50480787
0.44933127
0.79765738
0.60638552
1.1172452
0.60218385
0.95234735
0.48523298
0.73772474
1.0611847
0.97173848
0.75428813
0.51180967
0.79926594
1.0003659
0.13717123
1.0839192
-1.1180854e-012
0.43819535
0.46759791
-0.12497252
0.61287049
0.08121584
0.30660566
1.3687776
0.17190636
1.114866
0.79579073
0.99781563
0.96328583
1.0409886
0.45722349
0.96328583
0.96552074
1.1734499
0.89544919
0.85398191
0.90521991
1.2590541
0.75388668
1.0544183
0.78944946
0.60791971
0.68759221
0.61227021
0.21691746
1.0237305
0.63651404
-0.06922505
1.3448297
-0.058417508
1.1120768
0.49861823
0.9244158
0.74677855
0.5255375
0.46699155
0.92235994
1.1928285
0.70838203
0.69289658
0.92091926
-0.0085247682
0.73849658
0.85487184
0.81217124
1.3763736
1.1211886
0.73082541
0.85851813
0.72455285
0.89880132
0.6320146
0.76020361
0.65747058
0.16312309
0.50279046
0.74508969
0.73235264
0.91341146
0.30584911
0.84499225
0.57539809
0.77876961
-1.1180854e-012
1.6514375
0.62996156
0.78024065
0.86693269
2.2356275
1.0534162
1.0715105
0.72835454
0.61546066
0.57304837
0.87056456
0.75478535
1.0381702
1.1563027
0.89991232
-0.15378496
0.31176743
1.5681748
0.66728773
0.34244573
0.63285387
1.0013496
-1.1180854e-012
0.27508349
0.76743772
1.353971
0.85326102
1.284137
1.0372768
0.6506956
1.4222749
0.61082145
0.5989421
0.93124507
0.73703795
0.47923388
0.85465623
0.8570791
0.86299232
0.4293548
-0.083107509
0.82674577
1.0600917
0.81507234
1.1204779
0.67935776
0.63400782
0.62901915
0.25737746
-0.03046452
0.38556772
-2.2686165e-012
-2.2686165e-012
0.49703461
-0.0066745643
-2.2686165e-012
-2.2686165e-012
1.1039634
-2.2686165e-012
-0.12464341
-2.2686165e-012
-0.086137237
-2.2686165e-012
-2.2686165e-012
-0.027176469
-2.2686165e-012
-0.029116534
0.67561777
-2.2686165e-012
-2.2686165e-012
-0.11538584
-2.2686165e-012
0.021006144
-2.2686165e-012
-2.2686165e-012
2.1081895
-2.2686165e-012
0.63362108
-2.2686165e-012
-0.1406203
-0.1320922
-2.2686165e-012
-0.09022754
0.70327725
-0.45493171
0.20068163
-0.092397317
-2.2686165e-012
-0.022930598
-0.29086436
0.63715777
0.074771924
-0.20594046
-0.14488576
0.90421152
1.2993953
-0.18412675
-0.098234399
1.1624518
-0.04261841
0.90588062
0.87881204
1.3747551
-0.16981447
-0.027573038
-0.044900652
-0.048642219
-0.023347414
-2.2686165e-012
1.219642
0.16979921
0.20093358
-0.15944195
-0.18892705
0.089602865
-2.2686165e-012
0.010875375
0.30866546
-2.2686165e-012
-0.037466254
0.064992166
-2.2686165e-012
-2.2686165e-012
-2.2686165e-012
-0.26060938
0.16232986
1.1697249
-2.2686165e-012
1.4476468
-2.2686165e-012
-0.14931491
0.22336555
-0.34577459
-0.18023007
-2.2686165e-012
-0.025629492
1.5215046
0.45481167
-2.2686165e-012
-0.21609793
-0.50769676
0.83598077
-0.36366438
-0.23855074
0.56154796
-2.2686165e-012
-2.2686165e-012
0.71825704
0.0025567047
-0.15937434
-2.2686165e-012
-0.32955523
2.0398984
-0.17568188
0.61155784
1.3902573
-2.2686165e-012
-0.08103008
-0.30301408
-2.2686165e-012
-2.2686165e-012
0.76626463
-0.019331647
-2.2686165e-012
-2.2686165e-012
0.0038116622
-0.26995835
-0.18771188
-2.2686165e-012
-2.2686165e-012
-0.069888037
-2.2686165e-012
-2.2686165e-012
-0.0018971706
-0.10418212
-0.55014525
-2.2686165e-012
-2.2686165e-012
-0.31401457
-0.12680412
-0.1669506
0.92145707
-0.13920041
0.74352152
-0.017859564
0.14058717
0.35395847
0.96992192
0.28477676
-0.042859816
0.37774668
0.64912574
0.48557699
0.45321327
-0.056938774
0.44661278
-0.2272551
-1.2927447e-012
-1.2927447e-012
0.25516683
-0.010057414
-0.013172215
0.46532248
0.27611921
0.0021421152
0.43172407
-1.2927447e-012
0.64912574
0.40782291
1.2149909
0.54486816
-1.2927447e-012
0.15866075
-0.042138965
0.38951662
-1.2927447e-012
1.0738602
1.2018585
0.75982232
-1.2927447e-012
-0.012849526
0.61777475
0.44716312
0.45138266
0.073675072
0.5091612
1.3495552
0.20997318
-0.17086743
-0.013014442
0.38265812
0.53598896
-0.020581698
0.38766883
0.32068793
0.7951945
0.54486816
1.1683091
0.42132372
-0.35632201
0.39374437
0.6641441
0.43787763
1.1642395
0.44557427
-0.044906234
-1.2927447e-012
0.64912574
0.21879607
2.4941365
0.64912574
0.32019603
0.14243012
0.30582046
-1.2927447e-012
0.42593392
0.23945242
0.34557008
-0.18186465
0.52175803
-0.00097532098
-0.20639217
1.5647676
0.070790593
0.3169205
0.35458556
-1.2927447e-012
0.88416883
1.0551981
0.76472936
-0.040722964
0.34297413
1.003141
0.44475141
0.49739675
0.26008108
-1.2927447e-012
0.69517971
-1.2927447e-012
-0.25210923
-0.26525429
-0.042864683
-0.22048002
-1.2927447e-012
-1.2927447e-012
0.52175803
0.39979974
0.91797133
0.48755266
-1.2927447e-012
0.13826645
0.52380854
0.37847692
0.45620998
0.60873472
0.43832056
0.88608331
-0.007979368
0.33451878
-1.2927447e-012
0.88416883
-1.2927447e-012
0.95519515
0.52175803
0.76732196
1.0624947
-1.2927447e-012
0.3709297
0.4939564
0.57369915
-1.2927447e-012
0.55255355
0.28323727
0.57903191
0.63393199
0.63188634
-0.02292592
0.60514809
0.19379985
0.19226796
0.76732196
0.23595967
0.32617689
0.57274021
0.2954156
0.28708762
-0.012215
-1.2927447e-012
0.37412543
1.0653254
-8.9819324e-013
0.85063661
-8.9819324e-013
1.43536
-8.9819324e-013
0.75263328
1.7483744
0.40831593
1.07026
-0.19294792
0.0066566825
0.79669439
0.5244508
0.57460049
-0.19420363
0.46323843
2.4305391
0.15800812
0.61730369
0.66123098
0.44358052
1.7682706
-0.023962907
-0.065051886
0.0051257074
0.55551991
1.6616889
-0.065243103
0.52354927
-8.9819324e-013
0.25034027
-0.41241783
0.45739711
0.066365986
1.3059669
0.41116773
1.1464349
-0.15207463
0.29046828
0.23794318
2.6441753
2.41281
0.76714364
0.82674266
1.2195454
1.3270941
1.8243703
2.2568416
0.27295824
1.7289794
2.4788069
0.59409246
1.3655489
1.1504465
1.1921295
0.19897927
1.43536
-0.19136591
0.41095802
0.28603516
0.25761274
1.672055
-8.9819324e-013
0.096539018
0.29362333
0.037230211
0.60371052
-0.29124126
-8.9819324e-013
1.5919979
0.8813577
1.43536
0.7815891
0.37092304
0.50665756
0.010191406
-0.37229465
0.91993291
0.26639717
0.62077941
0.23630499
0.87864421
0.75160283
0.87926175
0.73837056
0.23583339
0.094291383
0.48918846
-0.0078822062
0.28272597
0.63499544
0.45290705
0.24429734
-1.2379994e-012
1.601948
0.14688406
0.98683309
1.601948
1.8156167
0.082137123
0.76427514
1.601948
1.8156167
1.3502738
1.0677774
0.21837915
0.53113416
1.3002549
0.67717239
-1.2379994e-012
1.740153
0.78223222
1.740153
0.3943552
0.072961947
1.740153
0.73837056
1.1527103
0.62046444
0.63663713
0.170194
2.4261019
-1.2379994e-012
0.29769299
0.93160871
0.3532758
0.9283248
0.9283248
-1.2379994e-012
0.5175342
0.42024239
-1.2379994e-012
-1.2379994e-012
-1.2379994e-012
1.9933819
0.59928525
0.074440197
1.2326746
0.70447002
0.49110011
-1.2379994e-012
0.77634256
0.65444574
0.031199953
0.61907609
0.57169672
0.91054422
0.31493343
0.30103183
0.875905
-0.22033782
0.46310087
0.70447002
-0.021650798
-0.063557813
0.84188706
-0.1595368
0.170194
0.73837056
0.41999078
1.5475658
0.93083978
0.42230463
-0.0046972241
0.30949558
0.78223222
0.27893937
0.52367135
0.06560142
0.6603516
-1.2379994e-012
0.28074715
0.78223222
0.079862723
0.42943033
1.0683407
0.050920968
0.43914388
0.19635541
0.25101435
0.67717239
0.63499544
0.70447002
-0.19386772
0.18723493
0.58806736
0.85618911
0.30233958
0.029058093
-1.2379994e-012
-0.28625131
0.57548877
0.022129648
2.0337517
0.66003703
2.2404203
1.3866352
-1.2379994e-012
0.67810302
0.69340095
-1.2379994e-012
0.73837056
0.35392968
0.21981725
0.28327281
0.43018539
0.78223222
0.48668793
0.37703291
0.25249069
0.39125516
0.5841459
0.19944543
2.0337517
0.73837056
0.48467023
0.95887186
2.751977
1.0641271
0.48053637
0.77500613
0.13738713
-1.2379994e-012
0.49763508
1.1572901
-1.2379994e-012
0.43790642
0.70952596
0.9457939
-0.075231227
0.030399996
0.43281721
1.6367316
1.296584
0.15010528
0.27046289
0.2871068
0.75232456
0.32998172
0.79860111
0.76285406
0.62036276
0.13402884
0.42057205
1.4793801
-0.00044559514
0.36734528
0.60690566
0.086771255
0.53432572
1.1927814
-0.038213928
0.24282725
0.73813223
0.73648157
0.16054886
0.62982151
1.0300796
0.15149747
0.6792994
0.7098724
0.70932329
0.096219556
0.34686977
0.2705467
0.10803198
0.58490047
0.4139757
0.76273207
0.25376053
0.47229822
0.13651595
0.16011774
0.59433403
0.10443374
1.1785357
0.6628461
0.2136622
0.67022023
0.22447049
0.56358757
-2.1298602e-012
0.6684257
0.8401788
0.48730988
0.64822453
0.12446645
0.16797635
0.75646421
0.33196626
2.0291863
1.8890269
1.3541129
1.2603111
0.76674165
0.92888959
0.79688015
0.42212868
1.2446041
0.79330458
1.2678303
0.61922062
0.5007996
1.3393598
0.3446937
0.72363958
0.52704647
1.3377094
0.46301284
1.1122404
0.66469233
0.61509602
0.56947754
0.46905687
0.4431476
0.7481113
0.20980875
0.53045196
0.65332041
0.50797339
0.74248197
0.2955787
1.2913528
0.090053366
0.6867892
0.31546275
1.1369861
1.6367316
1.1606265
-2.1298602e-012
0.91878658
1.2210788
0.52583098
0.29142259
0.51665594
0.15797739
0.54337674
-2.1298602e-012
0.63457474
0.4550091
1.0544636
0.13433873
0.36852759
0.12389385
1.7557142
-2.1298602e-012
1.0483046
1.2884759
0.46162325
0.38590933
0.59413334
0.17122851
0.86768008
0.047279018
1.2793271
0.10414714
0.79160232
0.41606253
0.31060664
-0.093840655
0.52720046
0.65628172
0.65628172
0.64669212
0.26937094
0.58704302
0.93011955
0.33061878
0.65628172
0.59317058
0.41265872
0.068669388
0.83146298
0.64655733
0.2886786
0.68237882
1.232709
0.44658332
0.96471217
1.0309366
0.69168556
1.4694395
0.79854679
0.057299069
0.71612934
-0.10135798
0.52498107
1.461359
0.47732396
0.14336106
0.46690065
0.7315849
0.56974538
0.53238018
0.78306662
0.61943855
0.60243827
0.42494539
0.48604782
0.091818274
0.46812003
0.6458046
0.8802542
0.58182581
0.58182581
0.50971996
0.63650468
2.2423141
0.53641102
0.49928648
0.64531431
0.60592567
1.260596
0.49612441
0.34856473
1.1632072
0.92695144
0.56448852
0.4857767
0.34756292
0.69437267
0.73744185
0.44131444
1.2074058
0.66429891
0.61766747
0.069765419
0.66317383
0.97024352
0.59326028
0.0088017962
0.76414695
2.0764947
-1.1223711e-012
0.64539815
1.6565351
0.48672605
0.92695144
0.2670306
1.2678051
1.0758931
0.83539979
0.67018253
0.55385888
2.1183997
0.54300277
0.65550403
0.75943873
0.62632516
-1.1223711e-012
0.54599477
0.41358917
0.66565358
0.14476731
0.64371479
0.97780658
2.2040211
0.05224974
0.61080043
0.5312809
0.82668795
0.68036984
0.41431455
0.67761592
0.27273518
0.47914754
1.1739625
0.49051564
0.47374918
0.62866465
1.0186422
0.61470573
0.55242407
0.6417731
0.87407135
0.76374307
0.44658332
0.65628172
0.76847595
0.65628172
0.55452936
0.42964904
0.81634901
0.25735688
0.66524259
0.047597798
0.97695847
0.19505119
1.036806
0.65628172
0.046991865
0.80675695
0.51002114
-1.1223711e-012
0.67208776
0.8610974
0.59207455
0.43364726
-1.1223711e-012
-0.038702168
0.52774028
1.3077333
1.449488
-1.1223711e-012
0.49705553
0.62603031
0.44658332
0.28614408
1.1073099
0.10326947
0.14566726
0.54213802
0.50438809
0.51225515
0.6695262
0.60628169
1.0844786
0.54265704
0.53765803
0.66624307
0.47422892
0.69863848
0.4881241
0.07007331
0.59126009
0.55687312
0.79011271
-1.1223711e-012
0.64860509
0.48306775
0.50813899
0.6636592
0.53882504
0.43850753
-1.1223711e-012
0.92695144
0.45467943
0.32875701
1.070419
0.7180969
0.23574659
0.35995086
0.58538635
0.30800763
1.3657359
1.4231915
0.012485231
-1.011565e-012
-1.011565e-012
-1.011565e-012
1.0625088
0.10261364
1.2934167
-1.011565e-012
1.2440923
0.62194278
0.27925127
1.9267383
-0.052515142
0.017606103
1.3522885
0.034139006
-0.073765922
0.85041414
-1.011565e-012
1.2770122
1.9875213
0.90462739
1.1836863
0.071244409
-0.15499951
1.5678725
1.145116
0.037983949
-0.057825271
-1.011565e-012
0.42812133
-1.011565e-012
-1.011565e-012
-1.011565e-012
-1.011565e-012
0.039734374
-1.011565e-012
0.91626329
-1.011565e-012
-1.011565e-012
-1.011565e-012
1.0625088
1.2465405
-0.20567147
1.5678725
-1.011565e-012
0.81731755
1.3705848
1.1300693
1.3454842
1.1300693
0.83227821
1.2398721
-1.011565e-012
1.0640601
-1.011565e-012
0.84236354
1.0869661
0.74635573
0.035964047
-1.011565e-012
-0.10997733
1.0810973
-1.011565e-012
-1.011565e-012
1.0119516
-1.011565e-012
0.78262565
0.16344045
-0.1077485
0.9623671
0.44544095
0.54300989
0.54020511
1.2225398
-1.011565e-012
-1.011565e-012
1.010638
0.79983458
