0.2195789
0.1294243
0.21746915
0.094542583
0.20335081
0.14547723
0.10382947
0.21766434
0.18892294
0.085750595
0.18687151
0.19806737
0.19831224
0.20296815
0.098548055
0.22397455
0.11228252
0.18195302
0.18648297
0.11757891
0.23770917
0.10012441
0.20677199
0.222715
0.094465955
0.093538451
0.17845052
0.18031661
0.20750953
0.095586887
0.17938338
0.17662188
0.16637098
0.18613435
0.12437279
0.26749907
0.22546184
0.17764798
0.16871242
0.17125917
0.23594643
0.16499108
0.21051185
0.11309811
0.092071444
0.080930935
0.10966032
0.22347461
0.18574538
0.095218774
0.10127718
0.22505577
0.17021594
0.18136298
0.20835274
0.2254621
0.11002215
0.14441967
0.17848538
0.20289992
0.19118409
0.16692928
0.16167751
0.25323619
0.23340591
0.18547083
0.18454485
0.17974621
0.23222858
0.16341929
0.17789061
0.20834275
0.21630093
0.21036906
0.15156082
0.18003149
0.098054697
0.14117277
0.19284717
0.18515031
0.26289869
0.18584461
0.095393068
0.15961729
0.17700289
0.10103644
0.22923363
0.18685441
0.22494905
0.1886763
0.30218903
0.20001216
0.15535676
0.16895434
0.19304372
0.18500135
0.20271115
0.15750841
0.18015464
0.2156098
0.20959041
0.20143872
0.16531876
0.079589168
0.17503225
0.17036528
0.19237136
0.16906622
0.1899251
0.13392799
0.12771233
0.10484678
0.17765833
0.22144821
0.20909409
0.18763725
0.19976327
0.21310411
0.17569527
0.18305148
0.19890713
0.13886309
0.17819663
0.23396395
0.2088048
0.20665797
0.22102555
0.19039941
0.2191209
0.2210729
0.19165823
0.16594325
-0.0055548783
0.17603159
0.17126268
0.20099422
0.15738001
0.19102973
0.20471009
0.23296705
0.1588136
0.18124923
0.13526656
0.20901157
0.19507505
0.17968963
0.12196176
0.071279877
0.18464221
0.15611117
0.18048136
0.18815722
0.26037593
0.24945252
0.16265098
0.18952731
0.20213186
0.1808723
0.23259401
0.19831617
0.1283143
0.1693811
0.20586477
0.2246497
0.20531212
0.27264895
0.17508797
5.0304158e-013
0.20388006
0.22890609
0.20806512
0.15904606
0.15117852
0.2035984
0.13094695
0.17788816
0.26045331
0.09372799
0.24574896
0.17835087
0.065223899
0.15352337
0.084337865
0.081839895
0.066598172
0.23033198
-0.0039524749
0.1699195
0.079574696
0.11649112
0.2396997
0.090730274
0.18366895
0.18196193
0.10747093
0.23642274
0.066858354
0.091478153
0.15664667
0.20399712
0.050660715
0.053872283
0.078923914
0.18642994
0.18837619
0.098441131
0.094178842
0.18422623
0.060159974
0.10082386
0.18912165
0.18642121
0.18483872
0.088492919
0.080930709
0.071322189
0.055942331
0.16635919
0.12979806
0.065433555
0.12852948
0.13465644
0.19435966
0.21128324
0.078422953
0.16092732
0.12173839
0.19122897
0.13297693
0.13986209
0.14052022
0.080262943
0.035876223
0.10208829
0.18170637
0.1963539
0.087140211
0.18646774
0.070017099
0.026446707
0.11049951
0.080089506
0.1835256
0.22408086
0.24914461
0.23919911
0.20482276
0.20446377
0.1886688
0.23913731
0.17911146
0.12020309
0.13457335
0.10715147
0.19861815
0.13499563
0.19240161
0.077148804
0.18166884
0.18938455
0.073588942
0.13199228
0.19047523
0.14099134
0.085807612
0.04183588
0.12836403
0.22864113
0.10346534
0.13662164
0.15092631
0.1146733
0.14677118
0.087321377
0.18233706
-0.0068110195
0.085425706
0.2280773
0.20072064
0.17433003
0.18875247
0.16721437
0.089604668
0.12492171
0.11152928
0.18463526
0.06594367
0.13058368
0.1834303
0.23033198
0.21107799
0.12446142
0.072931102
0.16187832
0.21258229
0.200315
6.1252047e-013
0.13880329
0.09563053
0.087660324
0.28687391
0.069834517
0.1922333
0.075061729
0.19555581
0.071458234
6.1252047e-013
0.094351152
0.12716103
0.14037054
0.13510217
0.1003852
-0.0049084482
0.037278883
0.056459939
0.12828121
0.12763444
0.089303637
0.094544422
0.10208642
0.17232097
0.040967541
0.059799038
0.12468919
0.12313495
0.14499023
0.12891105
0.13225823
-0.0056786033
0.10559183
5.5158747e-013
0.015859311
5.5158747e-013
-0.0034642549
-0.0045999418
0.16276907
0.18166078
0.13773974
0.073905243
0.13740985
0.21952302
0.1808127
0.099075402
0.24961869
0.13246949
0.1681811
0.0076809023
-0.011385555
0.077252491
0.12675072
-0.016347395
0.10022831
0.1590229
0.085924002
-0.0067418795
5.5158747e-013
0.14866283
0.119217
-0.0047061443
-0.0073145717
0.05087229
0.026536798
0.08144145
0.091801865
0.15513499
0.070375317
-0.0045255115
0.13208835
5.5158747e-013
5.5158747e-013
0.16660202
0.14300607
0.10382763
0.11309333
5.5158747e-013
0.15675467
0.12606025
5.5158747e-013
0.064046075
0.049651683
-0.0050481392
0.07318832
0.057307143
0.014333479
0.11297526
5.5158747e-013
0.0072639353
0.092446851
5.5158747e-013
0.060479974
0.20725728
0.17453302
-0.010248449
0.14301473
-0.0071573812
0.023101066
-0.0031230397
0.14648493
-0.0042353677
5.5158747e-013
0.13673831
0.11185059
0.021516221
0.078299359
0.15540644
-0.0065579164
5.5158747e-013
5.5158747e-013
-0.0084111804
0.026482179
0.12250786
0.060568357
0.053190115
-0.0067595188
5.5158747e-013
-0.0032681
0.16480063
-0.0034642549
0.065247846
0.15471688
0.0071003213
0.079432494
0.11213644
-0.0089528849
5.5158747e-013
0.14680724
0.057952677
0.1553125
0.082536401
0.24715684
0.31764204
-0.0033264526
-0.0038707095
0.060869176
0.01143037
0.2132841
0.12316778
0.079187412
0.052206639
0.097418184
0.061644394
0.16230103
0.046152299
0.094124882
-0.0034447274
0.29706993
0.19430552
0.10620672
0.12289857
0.083816738
0.10724172
0.13813696
0.095894576
0.049327551
0.021516221
0.027942674
0.1883294
0.11248994
0.13118735
0.13734759
0.12928351
0.08825054
0.10783568
0.070378824
-0.0067832236
0.024659446
0.03968782
0.15546854
0.15939805
-0.0034875248
0.023431929
0.17483652
0.21944131
0.022369627
0.12704092
-0.0063518224
0.11978821
0.11751427
0.10455538
5.5158747e-013
0.18243723
0.12140431
0.13507234
0.13107435
0.1102647
5.5158747e-013
0.028907889
0.093301334
0.010154241
0.012608883
0.17524382
-0.0087228236
0.23294069
-0.0048233488
0.19071239
0.11471467
0.01906775
0.052666168
5.5158747e-013
0.12213177
0.14272132
0.13285173
5.5158747e-013
0.13514312
0.04468277
5.5158747e-013
0.18809866
0.11985231
0.07815413
0.15077244
0.13507001
0.14303171
0.15035258
0.14272132
-0.0040857984
-0.0041467313
0.16057777
0.13616465
0.24473895
0.29054732
0.15353998
0.17901484
0.15541559
0.27512744
0.30276907
0.14765651
-0.0033093296
0.11862549
0.30276907
0.047198847
0.14115158
0.22584188
0.21958046
0.25600997
0.050682501
0.1570501
0.1297973
0.23514415
0.24569909
0.13616465
0.31828195
0.088842756
0.15414304
0.092228005
0.098068518
0.16828103
0.060357544
0.12294689
0.13989012
-0.0088651863
0.16726301
0.17186108
0.24095418
-0.0087416641
0.20304009
0.099860427
0.14375999
0.22545102
0.13536489
0.16485386
0.22704023
0.13670299
0.26104288
0.16085205
0.086218449
4.5986645e-013
0.090625389
0.11868043
0.1444922
0.23728559
0.14103951
4.5986645e-013
0.28058377
0.13616465
0.093827318
0.15252251
0.17588674
0.11374874
0.16592164
0.16059214
0.10621342
0.14727819
0.085519863
0.10360713
0.14347522
0.11367791
0.13706039
0.15583161
0.22991234
0.15451838
0.22322946
0.15447895
0.24053958
0.14339493
0.10187836
0.030376776
0.29054732
0.16623221
0.14669295
0.06567764
0.1150307
0.12266402
0.093806835
0.12202239
0.1650417
0.10782826
0.13066303
0.14339493
0.11348989
0.090918571
0.084294682
0.23076021
0.23725949
-0.0029675232
0.18495774
0.076432981
0.20005011
0.17151813
0.021097857
0.065301763
0.13616465
0.15276601
0.22436285
0.18236713
4.5986645e-013
0.11994131
0.19257381
4.5986645e-013
0.14339493
0.15393811
0.18654687
0.17669622
0.13428109
0.095118613
0.14671117
0.21451586
0.14562411
0.16197759
0.13297012
4.5986645e-013
0.22949939
0.1658977
-0.0026591723
0.18082065
0.12035907
0.16846313
0.21119295
0.11028456
-0.0088026822
0.028253949
0.26313785
0.15231557
0.068416159
0.025191681
4.5986645e-013
0.16927847
0.080566117
0.13642793
0.065004613
0.17019848
0.15353998
4.386652e-013
0.13354781
4.386652e-013
0.090817414
0.063344295
0.22733414
0.083415542
0.16731637
0.21709526
0.080071999
0.25396509
0.23706938
0.18863228
0.1423215
0.13712382
0.25498234
0.1782499
0.10356878
0.10519913
0.10454256
0.10946391
0.054619722
0.093646579
0.077788693
0.083342667
0.060901118
0.13001552
0.11938794
0.075454453
0.09586034
0.21146452
4.386652e-013
0.18232649
0.23800198
0.2583923
0.077486824
0.085534321
0.05169414
0.19489999
0.21209901
0.13336072
0.20811604
0.10621671
-0.0044882199
-0.0052318398
0.062372937
0.27524949
0.15633506
0.074082893
0.13913483
0.082771784
0.12575319
0.22772682
-0.0068595586
0.14770785
0.072463647
0.2583923
0.13855347
-0.0045478938
0.028444337
0.22047546
-0.0038164633
0.2215638
0.16663164
0.23781798
0.081528899
0.09008247
0.012116445
0.19104771
0.06242489
0.086132167
0.074289455
0.05260545
0.18579633
0.15804321
0.22786769
0.23042499
0.16442136
0.10148844
0.22509086
0.21280943
0.086186234
0.19137674
0.089199832
4.386652e-013
0.15972768
0.19702226
0.068152026
0.13954389
0.12906721
0.13710291
0.036333714
0.054150815
0.10448292
0.2291467
-0.0067200038
0.11677194
0.1843126
0.11719291
0.1137974
0.20080191
0.1937346
0.19987354
0.069036466
0.093030385
0.057053763
0.29867955
0.067647547
0.23769351
0.14581934
0.2745042
4.386652e-013
0.22884966
0.028395001
0.084470809
-0.0045176646
0.07650745
4.386652e-013
0.013105399
0.20469901
0.09002504
0.23800198
0.072435958
0.060841916
0.067406353
0.090667448
0.21203558
0.07650595
0.21673588
0.23152192
0.22509086
-0.004722092
-0.0048006899
0.062999761
-0.0038023131
0.25102383
4.386652e-013
0.066449722
0.093677957
0.14884003
0.13833766
0.19002801
0.089079605
0.13971566
0.053864615
0.23093492
0.10950512
4.386652e-013
0.14065243
0.094421589
0.24683748
0.13736868
0.13719326
0.040580832
0.10468693
0.20472632
0.084135909
0.26929875
0.13818471
0.2745042
0.11700956
0.058169731
0.071493901
0.2583923
0.2583923
0.21045082
0.056976265
0.21284873
0.2583923
0.091813913
0.29929817
0.10583705
0.18439388
0.13737342
0.1221271
0.078378836
0.12567524
0.21177768
0.050765161
0.11495985
0.077161601
0.10969236
0.13714012
0.13542514
3.7209809e-013
0.11854693
0.055264856
0.17992934
0.10798814
0.041538358
0.17145286
0.14249224
0.16618439
-0.0044063933
3.7209809e-013
0.1116635
0.10380514
0.054665515
0.19685866
0.1761595
0.16218634
0.083743022
0.22647661
0.13443227
-8.291223e-005
0.21891794
0.19623914
0.17278357
0.17363697
0.25218674
0.067854547
0.12552976
0.19999093
0.20343719
0.2114768
3.7209809e-013
0.17133233
0.078519971
0.15289764
0.13773618
-0.0040132072
0.075277302
0.09807049
0.095528314
0.13075277
0.099182775
0.095362602
0.13058997
0.11734674
0.13083696
0.041700462
-0.00046146642
0.19574681
0.2004529
3.7209809e-013
3.7209809e-013
0.12154394
0.14682242
3.7209809e-013
0.16536752
0.18074095
0.18704678
0.15248317
0.13332495
0.2310143
0.19365051
0.10960939
0.18822209
0.19557665
0.17056981
0.1668881
0.16566186
0.045015045
0.10068624
0.12883212
0.12087162
0.053877312
0.18182122
0.20945295
0.13045853
0.066104327
0.24698717
0.12994041
0.2078013
0.12794047
3.7209809e-013
0.066733442
0.20134491
0.078479539
0.048788902
0.13571949
0.059038795
0.19610073
0.055997323
0.10798688
0.18546279
0.11440636
0.0055582191
0.059277437
0.20031618
0.19155968
0.034098493
0.10830336
0.21260078
0.10758809
0.075408761
0.19115663
0.10351536
0.17668863
0.018680732
0.050839538
0.11287177
0.087636787
0.1598442
0.10874817
0.048263648
0.17104171
0.095371187
0.10514624
0.11084156
0.053623414
3.7209809e-013
0.026715547
0.13554756
0.13340267
0.10149476
0.11872653
0.047086159
3.7209809e-013
0.18716404
0.24668216
3.7209809e-013
-0.006085534
3.7209809e-013
0.15874761
0.17694871
0.11484032
0.1322803
0.2310143
0.1525059
0.18194058
0.1558
0.056279957
0.15011084
0.14039325
0.18928485
0.10485399
0.14157786
0.12776814
0.22468606
0.089034482
0.15383183
0.2120129
0.20408706
0.21940108
0.14460289
0.21838963
0.078982088
0.073303432
0.0774814
3.7209809e-013
0.084658637
0.19519522
0.1172074
0.092295082
0.0055432465
0.22160449
0.090178276
0.12589363
3.7209809e-013
0.16798142
0.21942099
0.041473992
0.17240191
0.056502625
0.042670715
0.15917213
0.14069281
0.17671509
0.20065685
0.045016188
0.062054183
0.21186319
0.18844754
3.7209809e-013
0.18522517
3.7209809e-013
0.053463791
0.062239003
0.20027697
0.10440119
0.20200163
0.1516514
0.20633833
0.011374084
3.7209809e-013
0.20692757
0.20806785
0.12907945
0.065088269
0.086350321
3.7209809e-013
0.15069669
0.172034
0.062299608
0.074191957
0.061098879
3.7209809e-013
0.078303743
0.19804235
0.025684204
0.12737527
0.054903693
0.12927194
0.018871954
0.095071755
0.26064676
3.7209809e-013
0.10265252
0.11315714
-0.0037307785
0.12283195
0.10774998
0.16334044
0.066072791
0.039401404
0.010521163
0.16674324
0.072869313
-0.0039531271
0.12921291
0.19309308
0.17781184
0.17676111
0.20908647
0.20979499
0.055725822
0.15287949
0.08744845
0.2039204
0.065132127
0.08158251
0.18259986
0.042794107
0.18837746
0.070485401
0.046743336
0.14727187
0.20330032
0.15234106
0.058788108
0.1474003
3.7209809e-013
0.11777937
0.16520135
0.22987093
0.18512603
0.16581392
0.17316548
0.1951505
0.26848372
0.15227104
0.18692125
0.19932753
0.21309934
0.18820348
0.20001663
0.18550246
0.2029066
0.15039636
0.17747937
0.16972493
0.24802479
0.20208631
0.20206368
0.067075672
0.060492503
0.18387252
0.20305958
0.20880557
0.17030837
0.18240227
-0.0044689836
0.21546494
0.19036772
0.14902461
0.21699067
0.23721665
0.2175575
0.16338146
0.1588642
0.17414582
0.17887196
0.20451657
-0.0023771179
0.15115243
0.20546788
0.14281834
0.19741955
0.18116922
0.21216347
0.18456396
0.14057781
0.19270536
0.21956401
0.16692287
0.17029469
0.10294206
0.17810614
0.16407154
0.15991771
0.11884267
0.18800414
0.1898942
0.12963047
0.2157474
0.1685523
0.16206028
0.18647099
0.17046401
0.19394873
0.19426273
0.16224782
0.28709399
0.21687711
0.20502549
0.16967593
0.18876477
0.19494543
0.18850548
0.19426827
0.20360028
0.17624758
5.3956383e-013
0.1535331
0.095612696
5.3956383e-013
0.18295876
0.14836761
5.3956383e-013
0.21086953
0.18839366
0.20827172
0.15794969
0.21635172
0.21252907
0.1871035
0.21400458
0.21427747
0.18240309
0.23943023
0.15898114
0.19047534
0.21209324
0.20201848
0.21347195
0.20448593
-0.001736628
0.17320884
0.090191424
0.13966252
0.17777064
0.18168401
0.12385756
0.03672698
-0.0065709949
-0.0053714329
-0.0049506423
0.02108947
0.066600001
6.0978832e-013
0.22053184
-0.0033305808
0.10744803
6.0978832e-013
6.0978832e-013
0.02592542
-0.0053895495
-0.0037598534
-0.003794274
0.079233662
0.11334368
0.019091328
0.15436714
-0.0030510164
0.22874753
0.042791678
0.15093664
-0.0026640541
6.0978832e-013
-0.0056536716
0.087370931
0.016289311
0.018904203
-0.0029339023
-0.0038454339
0.082026909
6.0978832e-013
-0.0042958102
0.029016462
0.14558957
0.15784467
0.19169365
-0.0048642535
0.073876744
-0.001983738
6.0978832e-013
0.016715074
6.0978832e-013
-0.0027340321
-0.0026134601
6.0978832e-013
0.088749471
6.0978832e-013
6.0978832e-013
0.10880886
-0.0045274798
0.012241065
-0.0026448382
0.094812737
0.12356896
-0.0047887726
0.20165767
-0.0072475429
-0.0027281926
0.079727248
-0.0053430936
0.051724435
0.091675904
-0.0038865159
-0.0026957172
-0.0025926247
-0.006589128
0.25571054
0.2153376
0.23770438
6.0978832e-013
0.047107073
-0.002543788
6.0978832e-013
0.028811269
-0.0047226216
-0.0027056445
-0.0062868182
0.15670789
0.19787532
0.14260457
-0.002635595
6.0978832e-013
0.12087129
0.10227816
-0.0046770929
-0.0025886078
6.0978832e-013
0.15028416
-0.0048333328
0.067845672
0.028782708
0.19578001
0.10320366
0.026436472
6.0978832e-013
0.15754338
-0.0072517278
0.018836459
0.068294803
0.028945902
-0.0020015388
0.038810052
0.1802811
0.17782323
6.0978832e-013
-0.0030739385
6.0978832e-013
0.13590954
0.062281718
6.0978832e-013
-0.0016936725
-0.0080725148
-0.0039055271
-0.0045491166
0.15956342
-0.0045291263
-0.0047190122
-0.0028182242
-0.0078758887
-0.0063777948
0.016892628
0.06306299
0.063002946
0.075082574
0.15965202
6.0978832e-013
6.0978832e-013
0.075946691
6.0978832e-013
0.17152285
0.17226812
-0.0053097329
0.23515869
0.24123256
0.24123256
0.24123256
0.22079596
0.24123256
0.24123256
0.22993538
0.2213201
0.22993538
0.068432438
0.045974753
0.093057149
0.071644459
0.18778847
0.090990735
-0.0021264876
0.01982869
0.17311508
0.10665482
0.056645285
0.0086403763
0.23114944
0.20843462
0.096517336
0.10049412
0.19677522
-0.0029394511
-0.0048912538
-0.0079019779
-0.0028872898
0.21420653
0.090730796
0.13925302
0.013225541
0.11084547
0.11645637
0.16210396
0.10720154
-0.0070768164
3.1283119e-013
3.1283119e-013
3.1283119e-013
0.041449216
0.17720813
0.1191657
0.1365546
-0.0053121477
0.13635421
0.071475952
0.17007238
0.26191734
-0.0059318973
3.1283119e-013
0.03718182
0.1307563
0.078944056
0.090991055
0.011856951
3.1283119e-013
-0.0079821694
0.12118726
0.26941185
0.069705938
0.24630289
0.16691265
0.078275386
3.1283119e-013
-0.0059483939
-0.0076010935
0.052589584
0.13895277
-0.0052526834
0.15291283
0.09590306
-0.0065485243
3.1283119e-013
-0.0068661294
0.13857698
3.1283119e-013
3.1283119e-013
0.13776792
0.10963359
0.058763674
0.15452285
3.1283119e-013
0.11117951
0.085713418
0.1555122
0.040511937
3.1283119e-013
0.11521892
0.059488363
0.18618065
0.16558947
0.07776488
3.1283119e-013
3.1283119e-013
0.054396826
0.11299623
-0.0071090998
0.21210894
0.14515056
3.1283119e-013
0.021512463
0.072153772
0.10729763
-0.0061057211
3.1283119e-013
0.17185828
0.18671693
0.06787013
0.075632293
-0.0064545516
3.1283119e-013
0.16739007
0.14085193
3.1283119e-013
0.13254465
0.13271041
3.1283119e-013
0.15438212
3.1283119e-013
0.012532659
0.053852827
3.1283119e-013
0.094286413
3.1283119e-013
0.13528982
0.020313005
-0.0062403393
0.12621021
-0.0063227177
0.13250132
0.15108698
0.13105632
0.11020801
0.051169794
0.12364039
0.13890894
0.17710894
0.12662254
3.1283119e-013
3.1283119e-013
0.028388457
3.1283119e-013
0.14417413
0.076631693
3.1283119e-013
3.1283119e-013
3.1283119e-013
3.1283119e-013
3.1283119e-013
0.082482657
0.15935942
0.15154625
0.19622286
3.1283119e-013
-0.0060162838
0.026091892
0.12272705
0.098101327
0.15098046
0.080547586
0.16021032
0.017054035
0.1034828
0.099323749
-0.0077081584
0.12980302
-0.0075824974
0.12095313
0.064308908
0.14417413
0.020524109
0.022192696
0.15355324
0.14612974
0.067340728
3.1283119e-013
0.11708213
3.1283119e-013
-0.0073877177
-0.0052105636
-0.0055110352
3.1283119e-013
0.19082237
0.034832178
0.071825858
0.11978759
8.1110499e-013
0.0172388
0.024745681
0.13302322
8.1110499e-013
8.1110499e-013
8.1110499e-013
0.12144783
0.045097262
0.017991206
0.09016031
0.20517085
0.097378788
0.10147443
0.12572469
0.069914364
0.10539648
0.10069208
0.11614189
8.1110499e-013
0.0079854875
0.045981687
0.011990852
0.12057127
8.1110499e-013
8.1110499e-013
8.1110499e-013
0.035454352
0.049741501
0.090909982
-0.004369566
0.10599754
8.1110499e-013
0.041713038
0.041122144
0.055193414
0.12057127
0.11276718
0.23491133
8.1110499e-013
0.098801686
0.09067719
0.10881906
8.1110499e-013
0.024213611
0.044018678
0.03335124
0.10749822
8.1110499e-013
8.1110499e-013
8.1110499e-013
-0.0039282735
0.1085761
0.052998077
0.10334107
8.1110499e-013
-0.0039806763
8.1110499e-013
0.11437626
8.1110499e-013
8.1110499e-013
0.038553261
0.20528914
0.19871839
0.10721473
0.034570932
0.019195118
0.11837579
0.1153787
0.052025052
0.1002919
0.27166618
0.010644045
8.1110499e-013
0.0030007523
0.12057127
0.18297377
0.11196028
8.1110499e-013
0.10301087
8.1110499e-013
0.072775876
0.034276744
8.1110499e-013
0.14296067
0.098777758
8.1110499e-013
0.040664135
0.048494719
8.1110499e-013
0.037395566
0.17770198
0.28891477
0.14139578
0.017691035
8.1110499e-013
0.097062132
-0.0033153152
0.23247032
0.01638127
0.23610218
0.038218579
0.10305085
0.048184865
0.067757011
0.063682574
0.20501462
0.043287798
0.096428742
0.06968737
0.018133319
0.036359448
0.045565402
0.24336881
0.23723724
0.11633922
-0.0031567824
0.047591165
0.041187558
8.1110499e-013
0.037573357
0.11146389
0.066925471
8.1110499e-013
0.10662131
0.12523818
8.1110499e-013
0.031600618
0.11515309
0.14818604
0.16552107
0.16848224
0.16924962
0.27152305
0.2823558
4.6129633e-013
0.15603071
0.22468063
0.146569
0.088158632
0.074152846
0.10690799
0.20751529
0.22469865
0.1895685
0.088925606
-0.0054721067
0.13281244
4.6129633e-013
4.6129633e-013
0.020764054
0.2274
0.082605198
0.21583069
0.23082289
0.22835257
4.6129633e-013
0.080120089
0.1586683
0.087280752
0.16578095
0.21968197
0.18531531
0.2572606
4.6129633e-013
0.069132586
0.18263142
0.24735646
0.081669492
-0.0042076914
0.16706089
4.6129633e-013
0.22488661
4.6129633e-013
0.072431277
0.17532753
0.21042734
0.075933615
-0.0050340698
4.6129633e-013
0.024661035
0.19208983
4.6129633e-013
4.6129633e-013
0.20878425
0.23082289
0.09996544
4.6129633e-013
0.14245196
4.6129633e-013
0.14309982
4.6129633e-013
0.082982076
0.083141835
0.097858082
0.20681777
0.29159926
4.6129633e-013
0.071399524
0.043490546
0.074937086
0.044050306
0.069797788
-0.0050341775
4.6129633e-013
4.6129633e-013
0.12569327
4.6129633e-013
0.19588054
0.13136004
0.069639925
4.6129633e-013
0.23082289
0.2572606
0.18793216
0.15907539
4.6129633e-013
-0.0062872628
0.20908524
0.026951408
0.17845924
0.058228108
0.050106125
0.080394584
4.6129633e-013
0.20344519
0.21696264
0.04461769
0.070223296
0.18500719
0.069040767
0.20082224
0.17596957
4.6129633e-013
4.6129633e-013
4.6129633e-013
0.10690799
0.1914614
0.076029322
0.096007324
0.12094032
0.11343513
0.11246304
0.11246304
0.21531065
0.11733483
0.15662271
0.07308877
0.14040877
0.22375944
0.27152305
4.6129633e-013
0.1006593
0.12028991
0.012891066
0.15876303
0.010297151
0.11867989
0.19435073
0.29159926
0.2572606
-0.0050808496
4.6129633e-013
0.17556165
0.20412006
0.093434161
0.056198404
0.10562922
-0.0055879028
0.082070469
4.6129633e-013
0.14585805
0.087089223
0.11862408
4.6129633e-013
0.13287221
0.050772633
0.080122706
0.096509835
4.6129633e-013
0.2572606
0.22126394
0.22458518
0.20037434
0.20013684
0.083897735
4.6129633e-013
0.048251357
0.17191372
0.08066279
4.6129633e-013
-0.004572584
0.1784943
0.069017694
0.20161798
0.29159926
0.19045931
0.1401655
4.6129633e-013
0.073317099
0.19081715
0.11288729
4.6129633e-013
4.6129633e-013
0.11396298
4.6129633e-013
0.13262212
0.21531065
4.6129633e-013
0.19300996
0.20989224
-0.0047248512
4.6129633e-013
0.05845317
0.0094724284
4.6129633e-013
0.19452351
0.14500535
0.15707428
0.1772482
0.079729742
0.1090609
0.20628353
0.1839614
0.18181856
4.6129633e-013
-0.0058854227
4.6129633e-013
0.1523634
0.29159926
0.15105323
4.6129633e-013
-0.00728578
4.6129633e-013
4.6129633e-013
0.15385512
-0.010911723
0.1262327
4.6129633e-013
4.6129633e-013
4.6129633e-013
0.22488661
0.20341913
4.6129633e-013
0.22657901
0.12569327
4.6129633e-013
4.6129633e-013
0.20415921
0.11912521
4.6129633e-013
4.6129633e-013
0.16906381
0.18500596
4.6129633e-013
0.17902699
4.6129633e-013
-0.0038524007
0.096309284
0.071369045
4.6129633e-013
0.20591996
0.15773614
4.6129633e-013
-0.003993527
-0.0068225309
4.6129633e-013
4.6129633e-013
-0.0055169618
0.22186295
0.096755715
0.10334419
0.064751449
7.063093e-013
0.2019264
0.083901214
0.13364422
0.15929217
0.12829061
0.15169029
0.24470469
0.20104316
0.14646412
0.059927925
0.19306181
7.063093e-013
0.14669584
0.19112955
0.2599432
-0.0027129233
7.063093e-013
0.14930734
0.28611475
0.083833753
0.080173162
0.25174731
0.27161111
7.063093e-013
0.17795597
0.23866035
-0.0017420856
0.12576954
0.17407094
0.08680093
0.26557077
0.30651378
0.24936703
0.11869774
0.080592194
7.063093e-013
0.27161111
0.13213736
0.13730576
0.14596598
0.12772804
0.110869
0.23045453
0.077074939
0.21723174
0.10810433
0.21514835
0.19386943
0.18932601
0.19585065
0.076153747
0.17303403
0.19610459
0.20462522
0.18472807
0.21843338
0.18878001
7.063093e-013
0.18478159
0.085736127
0.1609437
0.067798889
0.20661256
0.21749639
0.19475147
0.23218574
0.12724897
0.19870752
0.1901514
0.17344733
0.27161111
0.21575914
0.21548197
0.27161111
0.082200845
0.1901514
0.20394005
0.24023517
0.080848238
0.22446861
0.083725484
0.15835841
0.22195394
0.21431281
0.21722531
0.18127357
0.24201751
0.12027359
0.16774584
0.12612032
0.2482692
0.1142217
0.19389343
0.17564895
0.25238352
0.17172512
0.090120856
0.10513228
0.17987698
0.20746704
0.18677794
0.22674639
0.024877309
0.091223595
0.26060993
0.27161111
0.24470469
0.12382592
0.081927987
0.21329585
0.076212712
0.083462247
0.20019935
0.17932769
0.12850375
0.19750201
0.24655947
0.033608724
0.23324399
0.089907723
0.20019935
0.20661256
0.23924463
0.22072529
0.068031517
0.077765832
0.26060993
0.24873166
0.20851068
0.080569333
0.19835455
0.23855827
0.21173889
0.12858391
-0.0031189766
7.063093e-013
0.080569333
7.063093e-013
0.011045328
0.27161111
0.21749639
0.22213331
0.10153669
0.11575203
0.20965242
0.2137525
0.18658253
0.17621568
0.067877619
0.2172042
0.23866035
0.11770167
0.24470469
0.20682152
7.063093e-013
0.25187651
0.0087023151
0.19182009
0.25337992
0.075872335
0.27161111
0.17783798
0.23866035
0.23866035
0.24470469
0.20835893
0.27161111
0.20203876
0.22477339
0.18526471
0.22437393
0.26837543
0.24256183
0.29150849
7.063093e-013
0.175451
0.19909253
0.11483355
0.040828453
0.22501962
0.24456339
0.038861438
0.096241236
0.18996441
0.040418945
0.22891006
0.11959939
0.23844556
0.085736127
0.1900501
0.23130904
0.23346015
0.1332687
0.19993714
0.19281731
0.099960344
0.21868374
0.21012791
0.092036807
0.068332176
0.091950825
0.26060993
0.15047138
0.080569333
0.21342442
0.23581794
0.069198687
0.18640872
0.032187299
0.076872722
0.21753359
0.074049061
0.2267591
0.19554904
0.21132415
0.076406938
0.1044317
0.1806605
0.19821915
0.22891006
0.19374268
0.036923767
0.076872722
0.20522867
0.20019935
0.14371226
0.085736127
0.073832314
0.068332176
0.11664459
0.1047967
0.090677126
0.13856743
0.19197234
0.20617873
0.18618633
0.23813622
0.085683351
0.093134571
0.18286853
0.2385618
0.22670006
0.19253704
0.25187651
0.098505596
0.2105754
0.18594699
0.26762635
0.070513451
0.19179639
0.19475147
0.22169324
0.076872722
0.17552667
0.16099047
0.039630124
7.063093e-013
0.072224958
0.19475147
0.20762579
0.19458929
0.088818299
0.18252315
0.2168599
0.047429521
0.071790458
0.080003283
0.071790458
0.11849908
0.085736127
0.082904592
0.23324399
0.19479004
0.080569333
0.098392941
0.14059845
0.22891006
0.24470469
0.09371932
0.17587295
0.1921565
0.22391209
0.17779123
0.21226497
3.67221e-013
0.019943906
0.019722169
0.10167489
0.034946528
0.0089365051
0.0035029291
0.014222951
0.01414939
0.24517002
0.18598631
0.050826281
0.02059343
3.67221e-013
0.16061932
0.013130323
0.12631998
0.14756679
3.67221e-013
0.011946008
3.67221e-013
0.21257188
0.21161685
0.11470261
0.17287858
0.097963721
3.67221e-013
0.11624183
0.14051645
3.67221e-013
0.024525195
0.034698645
3.67221e-013
0.013835702
0.019272307
0.087032258
0.012044113
0.014917892
0.24517002
0.11466753
0.19647211
0.023960937
3.67221e-013
0.036264753
0.12107008
0.036678943
0.15038838
0.12789552
0.045136568
3.67221e-013
0.18528248
3.67221e-013
3.67221e-013
0.030162874
0.22734636
0.12365006
0.097018155
3.67221e-013
3.67221e-013
0.010454223
3.67221e-013
3.67221e-013
0.11844344
0.0030091343
0.033569349
0.0013628688
0.09733841
0.072864139
0.035248845
3.67221e-013
3.67221e-013
0.035734846
0.052697848
3.67221e-013
0.1207071
0.12013569
0.11401658
0.18803003
0.21159789
0.024741918
3.67221e-013
0.22785521
0.021586849
0.24482721
0.013982531
0.012858143
0.073536337
3.67221e-013
3.67221e-013
0.087231315
3.67221e-013
3.67221e-013
0.1593335
3.67221e-013
0.024928484
0.025903443
0.023960146
0.086092977
0.11763299
0.017484209
0.027479406
0.033309664
0.038903428
0.0092568579
0.22359504
0.065220487
0.022996026
0.032586677
3.67221e-013
0.23384883
0.14816267
0.11651071
3.67221e-013
0.16644834
0.17284237
0.11473488
0.12210086
0.014524262
3.67221e-013
0.15601259
0.03958783
3.67221e-013
3.67221e-013
3.67221e-013
3.67221e-013
0.041514039
0.0057495393
0.0029086521
0.023844679
3.67221e-013
0.056743751
0.024992992
0.1207187
3.67221e-013
0.14237966
0.13680045
0.0050144016
3.67221e-013
0.038284625
0.080027921
0.11591321
0.11242478
0.23384883
0.034952121
3.67221e-013
3.67221e-013
0.070385336
0.24042986
3.67221e-013
0.14143408
0.066803433
0.023206975
0.21257188
0.26700042
0.097071763
3.67221e-013
3.67221e-013
0.011106231
0.029274153
0.054029569
3.67221e-013
3.67221e-013
0.046940069
3.67221e-013
3.67221e-013
0.18597498
3.67221e-013
0.19488274
0.020373686
0.070504957
3.67221e-013
3.67221e-013
0.044304475
0.065030393
0.063417474
0.034780218
0.097073613
0.068810421
0.049087417
0.024965195
0.059778929
0.11341051
0.11761031
0.1157582
0.090950006
0.10536953
0.088304469
0.06650843
0.079504074
0.022760556
0.15636739
0.06072659
0.085329413
0.14030895
0.083538848
0.12815569
0.026212878
0.18091903
0.050657119
0.082377079
0.052387253
0.18256073
0.13842723
0.091496865
0.088379543
0.1218298
0.017534068
7.1216781e-013
0.084289145
0.1051017
0.13743368
0.061856859
0.11386298
0.016857414
7.1216781e-013
0.082090438
0.016570367
0.12569422
0.051408052
0.080667316
0.049218712
0.094671311
0.074845099
-0.0030376075
0.15442684
0.056422321
0.056072029
0.033639265
0.086234539
0.09460331
0.080229039
0.032509784
0.092904535
0.071314584
0.082281279
0.081890953
0.11529969
0.15079712
0.10835458
0.12638003
0.12697039
0.055102669
0.13600003
0.085539714
0.19190319
0.065632941
0.1435308
0.12921797
0.10890742
0.076175475
0.1116621
0.048787733
7.1216781e-013
0.11215564
0.081881689
0.12887623
0.17057814
0.1616385
0.19437821
0.077357783
0.1435308
0.1787651
0.096715364
-0.0042719177
0.056572916
0.15020297
0.26905043
0.21687969
0.13194462
0.21698174
0.054803584
0.0060719277
0.095766788
0.1542988
0.137809
0.02658591
0.15230065
0.065491284
0.068739366
0.071315139
0.1123211
0.11702625
0.085806308
0.01677045
0.10537651
0.096981849
0.078451975
0.12130133
0.046199847
0.060583555
0.090438843
0.096767986
0.09558831
0.15903493
0.048686904
0.14853274
0.06321293
0.095811031
0.17057814
0.137809
0.21589774
0.1025071
0.18517737
-0.0068039503
0.15054515
0.1023971
0.12091024
0.13218572
0.028086148
-0.0043351972
0.20327012
0.088561559
0.036030524
0.19133036
0.050645733
0.027323955
0.041493014
0.07376739
0.073954754
-0.0036914144
-0.0059086118
0.063295017
0.077519021
0.14296461
5.7683392e-013
-0.0081345558
-0.0057358363
5.7683392e-013
0.12312968
-0.0029166814
0.07960448
0.089765395
0.13891675
0.21021164
0.13447867
0.098792819
0.098170589
5.7683392e-013
0.088847979
0.028012459
0.19210927
-0.005942938
-0.0041195564
0.087235461
0.084174337
0.034972805
0.034133908
0.12172192
-0.0028866818
0.13104351
-0.0059218162
5.7683392e-013
0.17406577
0.25085271
0.073075247
0.20918954
0.13232947
0.14665477
0.082401516
0.24704789
0.060988625
0.027788386
0.03816065
0.17099794
5.7683392e-013
0.02968876
-0.005372857
-0.0059966249
-0.0029465311
0.18259284
0.07892783
0.14976136
0.13856636
5.7683392e-013
-0.0056502724
0.15062775
5.7683392e-013
5.7683392e-013
0.076992957
0.18153833
5.7683392e-013
0.052421107
0.074408032
0.090425017
0.026440297
0.037786914
0.053550033
0.13669266
0.13273741
0.15033237
0.090794941
0.16971725
0.13716934
0.071989894
-0.0056555207
0.11611504
0.052193709
0.11324567
0.077465499
-0.0024125155
5.7683392e-013
0.054427816
0.085702754
0.089829661
0.15173931
0.1909054
0.052168603
0.036722327
5.7683392e-013
-0.0040365483
-0.0048398093
0.052432052
0.15755267
0.20241564
0.16691309
0.072290313
-0.0054434898
0.1384126
0.1823367
0.13713607
0.09148657
0.03680183
0.1374428
0.086862778
0.16773427
0.036650824
0.071619261
0.19659335
0.066481663
0.090615036
0.11367132
-0.0028177557
0.028593949
0.21669822
5.7683392e-013
0.035152693
-0.0036302153
0.27617039
0.066177272
-0.0064051281
0.081111983
5.7683392e-013
0.13492605
0.16569465
0.10809209
-0.002602924
0.13539986
0.15050164
0.081127907
0.13791235
0.06361466
5.7683392e-013
0.21177738
-0.0085896362
0.080020244
0.034664489
0.069896911
0.1990989
0.10044463
0.07717485
0.09440166
0.22297991
0.12166046
0.15894391
5.7683392e-013
0.096049041
0.16080699
0.22741885
0.14795035
0.20397318
0.14001295
0.16168285
0.24098798
0.26448581
0.13584956
-0.0070010515
0.2244277
0.14838863
0.1320344
0.16373894
0.1214532
0.13866106
0.13535179
0.072401757
0.080195189
0.30366474
0.18481268
5.643918e-013
0.13074332
0.11927067
0.0708095
0.069857965
0.20979638
0.13729038
0.1207434
0.21201334
0.19726971
0.16235645
0.067087752
0.20106236
0.17903708
0.18122249
0.14375647
0.14189024
0.072143815
0.10733956
0.075330053
0.10349671
0.071944864
0.1931765
0.10367515
0.053908751
-0.0041176037
0.1516599
0.16472519
0.076817748
0.073446804
0.15569514
0.089046235
0.14803132
0.15767707
0.036939769
0.083883116
0.14729114
0.1520208
0.12161097
0.12458611
-0.0043579485
0.14232145
0.12992059
0.12415029
0.18756485
0.091531761
0.12851083
0.059083384
0.22481312
0.19775116
0.093064487
0.081464353
0.15942829
0.079486901
0.24494221
0.082903197
0.14810217
0.13368824
0.13078677
0.099030483
0.13588991
0.22071137
0.14236647
0.11927063
0.12276173
0.23585772
0.12619705
0.1628167
0.10197619
0.24420516
0.11480275
0.23839479
0.0638758
0.13451818
0.069237798
0.068322036
0.049918967
0.16469143
0.11280137
0.24494221
0.04174026
0.13938121
0.11418442
0.23581128
5.643918e-013
0.071641951
0.17438294
0.23743988
0.037640448
0.14607597
0.079718705
0.12735434
0.11837158
0.12589243
0.054565076
0.1663097
0.073476621
0.1142412
-0.0043118514
0.056164325
0.10557817
0.095366949
0.041305203
0.046010926
0.081212352
0.18838461
0.24494221
0.24494221
0.14104633
-0.003802773
0.15824953
0.15005027
0.14493172
-0.0039029702
-0.0042804453
5.643918e-013
0.14282968
0.067881026
0.020926908
0.21227116
0.080620126
0.12906915
0.17625038
5.643918e-013
0.17754259
0.16891967
0.30259383
0.029828748
0.1331197
0.13281205
5.643918e-013
0.082136989
0.12504898
0.035035521
5.643918e-013
0.053760794
0.14666078
0.18259028
0.19074289
0.065653933
0.11220336
0.064095812
0.16897994
0.16846714
0.11837158
0.11671292
0.11074339
0.13766333
0.13704373
0.03852465
0.1528037
-0.0043315468
0.11837158
0.14769105
0.1567535
0.1441338
0.0697556
0.14718638
0.14894975
0.11058258
0.14761731
0.23847286
-0.0040545609
0.10783891
0.11042098
0.17171022
0.12835511
0.1236468
0.13102213
0.15514285
0.05937963
0.085383129
0.1619845
0.1236468
0.13500219
0.092549599
0.11381892
0.25328286
0.11479649
0.04375452
0.074956255
0.11837158
0.1236468
0.056071067
0.13440202
0.1236468
0.24494221
0.16114612
0.13061036
0.20028631
0.1236468
0.092269554
0.14043081
0.063070418
0.11418442
0.2011308
0.14138851
0.073384295
0.13423022
-0.0065981711
0.14304842
0.16846676
4.5216013e-013
0.12542069
0.17964571
0.13123591
0.25917015
0.15511165
0.15659305
0.021786094
4.5216013e-013
4.5216013e-013
0.15690856
0.14211502
0.14125581
0.11476265
0.10477639
0.2023567
4.5216013e-013
0.13096307
0.057482237
0.15344507
4.5216013e-013
4.5216013e-013
0.16931002
-0.0055989536
4.5216013e-013
4.5216013e-013
0.12912308
0.075969198
0.038933768
0.056462413
0.16304665
0.14686922
0.1754467
0.13307444
0.077951954
4.5216013e-013
0.17025155
0.1931157
0.1467208
0.18514483
0.17996205
0.046561519
0.17408772
0.12357442
0.057374398
0.16166253
0.123221
0.064080359
0.14622996
0.086182127
0.18185534
0.14126596
0.14096461
0.097355503
0.12900585
0.16889506
0.15593972
0.12905982
0.042927501
0.054053012
0.065529447
4.5216013e-013
0.17304307
0.17168889
0.06459932
0.18358922
0.035138465
0.21027883
0.056170046
0.1856131
4.5216013e-013
0.17304307
0.11756783
0.086685675
0.065791621
0.15261002
0.16724803
0.043950921
0.2098804
0.13194273
0.20034346
4.5216013e-013
0.15451042
4.5216013e-013
0.13712455
0.13373748
0.14071423
0.13870055
0.10043159
4.5216013e-013
0.12637926
0.12578515
4.5216013e-013
0.14487799
0.073948007
0.12055618
0.16812819
0.13925324
0.17996205
0.050209759
0.048040023
0.1570708
0.030955639
0.13860749
0.17891796
4.5216013e-013
0.17840571
0.17996205
0.13874871
0.040304008
0.13153425
0.11810108
0.17913367
0.04741172
0.14524694
0.10059883
0.063679089
0.089322725
0.059084988
0.082676928
0.14744849
0.12741892
0.13143028
0.060093819
0.1850118
0.16064597
0.11048506
0.1520324
0.17011218
0.17084239
0.20463532
0.1086054
0.14838604
0.15130806
0.17386576
0.12249071
0.24456866
0.22360033
0.2424928
0.15260069
0.063521301
0.27797361
0.21471648
0.21516606
-0.005061881
0.10110995
4.2827773e-013
0.025686984
0.14982672
0.16093107
0.13920461
0.13451659
0.18509291
0.14994006
0.22379291
0.22535375
0.13360405
0.15512674
0.18662452
0.13531559
0.1802923
0.097439211
0.1361649
0.20494625
0.18094376
0.19429778
0.15231048
0.14197922
0.17012941
0.20474238
0.080364049
0.13831418
0.1784048
0.13404143
0.17113103
0.11867525
0.1588717
0.087004943
0.14516672
0.20738094
0.17224285
0.17693985
0.10854295
0.12485796
0.19688451
0.10111154
0.060380481
0.15855835
0.14296535
0.11359712
0.06014463
-0.0072291615
0.16112319
0.047748171
0.22646204
0.17310664
0.10915353
0.1468339
0.14376301
0.16213558
0.12281822
0.14273553
0.14164189
0.21441596
0.15817086
0.017488859
0.14397048
0.12372153
0.18541819
0.12190168
0.19874107
0.11524136
0.16527903
0.081140821
0.19365099
4.2827773e-013
0.16125093
0.12454947
0.089453913
0.19040435
0.13528572
0.10207956
0.15816774
0.15315444
0.16848247
0.081544853
0.11228593
0.072586099
0.18398442
0.099589614
0.15552977
0.21526691
0.11813221
0.15930564
0.13083457
0.22168329
0.12589507
0.17102974
0.20549348
0.11127532
0.058628439
0.094075005
0.12645826
0.076619601
6.1880445e-013
0.027948845
0.12170725
0.055227317
0.027157897
0.15550148
0.026259095
0.090026821
0.086565129
0.095036729
0.092205865
0.056705982
0.1263774
0.12965397
0.056841803
0.10694105
0.019224621
0.068897706
0.11250861
0.0719457
0.028035121
0.095517477
0.13434159
0.030476143
0.12559031
0.20792457
0.11182531
0.16170076
0.063344845
0.079629076
0.096004405
0.11435405
0.15000884
0.092066163
0.056735511
0.033245199
0.033442955
6.1880445e-013
0.091816785
0.12023574
0.036363747
0.073576157
0.069935106
0.1072514
0.077300677
0.025928712
0.23636648
0.056421539
0.14874391
0.025593394
0.042649323
0.10694105
0.080170197
0.19027854
0.029564656
0.14223635
0.098861752
0.026154588
0.12589405
6.1880445e-013
0.078713831
0.1962515
0.038065556
0.11412691
0.032199721
0.078522239
0.099041141
0.19596816
0.089102062
0.13794256
0.12231192
0.30588416
0.14839078
0.18375766
0.13740245
0.16326349
0.093019978
-0.0078002173
0.07987775
0.22625438
0.17478082
0.050209743
4.3879678e-013
0.12902648
4.3879678e-013
0.11300075
0.30368042
0.15369374
0.090386534
0.13779755
0.15482437
0.15066841
4.3879678e-013
0.077739184
0.13995217
0.14252858
0.14197062
0.083150186
0.16828264
0.14684743
0.19746235
0.066649764
0.16614718
0.065170711
0.064193993
0.16252712
0.15405389
4.3879678e-013
4.3879678e-013
0.19929626
0.15013295
-0.0071744631
0.24115124
0.1440029
0.18481035
-0.012267726
0.15050953
0.16511909
0.071561798
0.12473468
0.14956612
0.13377797
0.15768119
0.071529184
0.15006484
0.14372716
4.3879678e-013
0.1769492
0.13988965
0.15902252
0.16323002
0.16828264
0.074078782
0.15107403
4.3879678e-013
0.18375766
0.15501947
0.15469973
4.3879678e-013
0.06289418
0.14622194
0.11106638
0.055736901
0.12036433
0.18223849
0.054768871
0.04655506
0.18674281
0.12976994
0.18375766
0.13296719
0.11846921
0.1207988
0.15291056
0.18831319
0.12290654
0.14970692
0.16828264
0.076475803
4.3879678e-013
0.15986606
0.16828264
0.13589265
0.078945827
0.16828264
0.15424907
0.19746235
0.13491945
0.12623527
0.16404059
0.11974238
0.079145877
0.098079614
0.13993161
0.18375766
0.16102226
0.22236757
4.3879678e-013
0.20384269
0.13731377
0.22236757
0.15036752
0.16926075
0.12249323
-0.0077951101
4.3879678e-013
0.13105011
0.16828264
0.081538341
0.18012903
0.10564848
4.3879678e-013
0.1830497
0.231609
4.3879678e-013
0.15920745
4.3879678e-013
0.05707147
0.13315514
0.062089728
4.3879678e-013
0.062980769
0.2507309
0.073128974
0.069304241
0.16226318
-0.010569722
0.075886201
0.066425129
0.15205645
4.3879678e-013
4.3879678e-013
4.3879678e-013
0.16828264
0.13776374
0.15673435
0.051253442
0.22236757
0.13823387
0.17086428
0.16288416
0.15718358
4.3879678e-013
0.15920745
0.13758966
4.3879678e-013
0.18375766
0.076152233
0.17478082
0.18264569
0.1017219
0.18512866
0.17215158
0.10795281
0.14469022
0.048104944
0.12585028
0.11144264
0.1017219
7.9938865e-013
0.12496222
0.13064984
0.12992766
0.085282397
0.15709381
0.16791824
0.18456051
0.22572567
0.11445577
0.20122645
0.21934336
0.096375913
0.087237034
0.29164164
0.20070019
0.10873258
0.11628911
0.11877201
0.15440958
0.10994198
0.087237034
0.087226775
0.16472154
0.053916287
0.15087238
0.22949205
0.087237034
0.1017219
0.12339931
0.20937196
0.092536045
0.23327033
0.10762159
0.08959466
0.13651853
0.096375913
0.11465093
0.11266276
0.1679929
0.26962351
0.20976769
0.17511895
0.083619727
0.098618905
0.084951923
0.1020752
0.19109482
0.2009781
0.15411877
0.22580554
0.091605393
0.088603
0.092536045
0.11874773
0.16860616
0.088919488
0.11978103
0.087237034
0.037185202
0.069499619
0.1232739
0.11184957
0.079219186
0.096375913
0.10734431
0.15600085
0.10810953
0.14498012
0.17245013
0.11912985
0.12309403
0.21285928
0.092536045
0.12774984
0.079929782
0.096249956
0.12494094
0.11525034
0.091257178
0.16987225
0.052304429
0.13125968
0.12218076
0.10775362
0.17486839
0.19401968
0.1613829
0.10582174
0.12305632
0.11759422
0.13557756
0.087343141
0.1146918
0.1302035
0.20108469
0.10521241
0.072530891
0.086962593
0.06745745
0.13200545
0.10284469
0.19388375
0.092536045
0.086903932
0.080684494
0.1017219
0.056606498
0.090311596
0.13381724
0.11370287
0.21564097
0.11766879
0.12853741
0.12920215
0.14157171
0.18787776
0.13742829
0.15107841
0.21418899
0.11455571
0.12436025
0.18495227
0.21823974
0.10348426
0.13326737
0.1117431
0.18141595
0.21705248
0.15547428
0.18096603
0.12194093
0.1308253
0.10003271
0.080725001
0.090586672
0.10341529
0.035391688
0.16329252
0.074903699
0.0971764
0.11116513
0.16070674
0.092536045
0.1240237
0.180747
0.14694226
0.073982738
0.1160177
0.072648719
0.10841654
0.085327064
0.24556706
0.17235903
0.23284876
0.11344528
0.09972007
0.10210976
0.11564897
0.14095512
0.10545727
0.16073997
0.072077665
0.11916119
0.15877625
0.12671339
0.18550569
0.088534627
0.091405156
0.093357677
0.22258414
0.07101419
0.23192003
0.098734866
0.21568066
0.098219714
0.072952135
0.16652167
0.082497265
0.12486928
0.1665752
0.11174996
0.18080273
0.18258536
0.15844326
0.13988051
0.15200711
0.18659761
0.16510577
0.097450021
0.16361459
0.081190027
0.072576045
0.081960735
0.14717439
0.036777863
0.099059705
0.068378004
0.11346126
0.13186238
0.23147527
0.12936586
0.10284469
0.19388375
0.098388104
0.14904439
0.10473392
0.12378802
0.077789045
0.18007719
0.10011887
0.026759836
0.11472752
