0.0037520889
0.0058305285
0.0047099389
-3.6545903e-014
0.0011930295
0.0040421541
0.00073796061
0.0043056188
0.0015707764
0.0043246798
0.0048688136
-3.6545903e-014
0.0034793836
0.0029438649
-3.6545903e-014
0.0043039475
0.0030754419
-3.6545903e-014
0.0049266195
0.004788254
0.0046198441
-5.0634141e-006
-3.6545903e-014
0.00013158489
-3.6545903e-014
0.00013145454
0.003206936
0.0018023534
0.0027480284
0.0034121985
-3.6545903e-014
0.0041695597
0.0089998405
0.0017146575
0.0060159226
0.0047514575
0.00013176115
0.0012111496
-3.6545903e-014
0.0029901096
0.0051862644
-3.6545903e-014
-1.7865474e-005
0.0027343672
0.00013218456
0.0065706252
0.004439252
0.00013217769
0.0042517184
0.0041276413
0.0047321351
0.0028715219
0.0049062279
0.0046037744
-3.6545903e-014
0.0027780102
0.0042388547
0.00013139991
0.0012574843
0.0037192179
0.0036926912
0.00013186744
0.0033261818
-2.6943716e-005
0.0039884141
0.00066000914
0.0031623823
0.0030867205
0.00013218489
0.0031872929
-3.6545903e-014
0.0054116403
0.0017655875
0.0064659703
0.001910316
0.0014879788
0.00013214268
0.0027979068
0.0032643789
0.0031443698
-3.6545903e-014
0.001787363
0.0017810193
0.0037602118
-3.6545903e-014
0.0022273391
-2.8940722e-005
0.0046552756
0.0043246798
0.0033297538
-3.6545903e-014
0.00013197041
0.0026708261
0.00013192729
0.0057236807
0.0026417917
0.0039526769
0.0054613422
0.0065963783
0.0030868041
0.0042710304
0.0024155841
-3.6545903e-014
0.0042940979
0.00075715359
0.0001316107
-4.5117816e-005
-3.6545903e-014
0.0013222032
0.0048541863
-3.6545903e-014
-3.6545903e-014
0.0045352677
0.0035603995
0.0071995856
-3.6545903e-014
0.0042082027
0.0022849239
0.00013153567
0.0028657644
-3.6545903e-014
0.0025214618
0.0055088462
0.0063803826
0.0040400911
5.7461724e-005
-3.6545903e-014
0.0027455748
0.0024874746
0.0032473246
0.0042808918
-3.6545903e-014
0.0038314845
0.0017514979
0.0031114425
0.0047776863
0.0027497848
0.0058935195
0.0026878902
0.00013208864
0.004439252
0.0016696737
0.0043246798
0.0023390097
0.0081866789
0.00013156214
0.0046480433
0.00039856875
0.0052674553
0.0011929511
0.0055261547
0.0064678562
0.0025287869
0.004476169
0.0028760521
0.0029409638
0.0044450571
0.0058153682
0.0025396321
0.0022407317
0.0052221098
-3.6545903e-014
0.0041490689
0.0045893921
0.0018756892
0.0059114068
0.0040255789
0.0046122452
-3.6545903e-014
-4.1971261e-005
0.0047125962
0.0029901096
0.0017690478
0.0002568348
3.1174469e-005
-3.6545903e-014
0.003135099
0.0070906415
0.0034320442
0.0061627469
0.0054320875
-3.6545903e-014
0.0018387963
0.0039004738
0.0029407593
0.0057926374
0.003885908
0.004367885
0.0040759822
0.0035776982
0.0051262255
0.0042445798
-5.7070397e-014
0.0027437209
0.0032199353
0.0027364397
0.0069774475
0.0048507685
0.0047972501
0.0068108381
0.0033140119
0.0044397003
-5.7070397e-014
-5.7070397e-014
0.0044603798
0.0025617277
0.0028328282
0.0055928442
0.0051273274
0.0053959037
0.0042577726
0.0058570041
0.0054519891
0.006386467
0.0047218805
-5.7070397e-014
0.0034476669
0.0037749563
0.0020321307
0.0043479149
0.0033888416
0.0031103933
0.0045722773
0.0051268944
0.0035856065
0.0024323857
0.0053959037
0.0061107682
0.0021114131
-5.7070397e-014
0.0029076451
-5.7070397e-014
0.0038473633
0.0034348126
0.0079152408
0.0055213212
0.004166899
0.0034837843
0.0030430602
0.0041210111
0.0028081997
0.0039049126
0.0020319425
0.0023235777
-0.00013519031
0.0028514391
0.0066750073
0.0039726616
0.0020166923
0.0039096633
0.0075465594
0.0032510886
0.0029844834
0.0040469643
0.0036939766
0.0063043215
0.0035315634
-5.7070397e-014
0.00083750765
0.005041282
0.0022923785
0.0049475109
0.0045013969
0.0020424573
-5.7070397e-014
0.0033399333
0.0065735945
0.0023100134
0.0023988231
0.0063780716
0.0049035996
0.006882637
0.0025165122
0.0051362595
-5.7070397e-014
0.0058768383
0.0045760096
0.0022184424
0.0025666414
0.0051541218
0.0056636776
0.0074048874
0.0067162556
0.0019652565
0.0048825591
0.002871961
0.00088404003
0.0057031925
0.0045280016
0.0028636557
0.0049130903
0.0017659179
0.0017059138
0.002827403
0.0016902592
0.0057750284
0.0016199855
0.0063802334
0.0039008566
0.0060898465
0.0063824584
3.1897114e-005
0.003369039
0.002613505
0.0040763453
0.0018707131
0.00655226
0.0061504767
0.0022937624
0.0042274508
0.0036766688
0.0021292949
0.0033501581
0.0020405623
0.0082247165
-5.7070397e-014
0.0043386095
0.0036073488
0.0043614346
0.001655103
-5.7070397e-014
0.0037437511
0.0023245537
0.0031576867
0.0034952289
0.0071705781
0.0031883738
0.004776237
0.0058264735
-2.3131333e-014
0.0049919583
0.0011328891
0.0049000156
0.0027686216
0.0032819451
0.0080193909
0.0051026686
0.0052035818
0.003271133
0.0026017956
0.0027053735
-9.5500497e-005
-2.3131333e-014
0.0024398343
5.6815713e-005
0.0030039908
0.0031892344
0.0068239297
0.0039576953
0.0054586707
0.0017135957
0.0074890957
-4.0318828e-006
-2.9324175e-005
0.0052777001
0.00218598
0.0012262569
0.00097820607
-3.8852479e-005
-2.3131333e-014
0.0017897356
-4.4824322e-006
-2.3131333e-014
0.0052421801
-2.3131333e-014
0.0030827632
-2.3131333e-014
-2.3131333e-014
0.001192345
0.0050527049
-2.3131333e-014
-2.3131333e-014
0.0028245854
0.0065672944
0.0030600948
0.0027123804
0.0054269251
0.0068549444
0.0026732898
0.0029783255
0.0035978177
-2.3131333e-014
0.00011155432
0.0043068417
-2.3131333e-014
0.0044848583
0.0039618701
-2.3131333e-014
0.0012318571
0.0028427644
0.0024715277
-2.3131333e-014
0.0042532171
0.0059918402
0.0049246487
0.0044941232
0.0032409343
0.0033582965
0.0027539108
0.0043272087
0.0066674918
-2.3131333e-014
0.0056946462
0.0024406345
-2.3131333e-014
-2.3131333e-014
0.00010340124
0.0041819723
0.001192116
-2.3131333e-014
0.001933273
-2.3131333e-014
0.00011125521
-5.4274069e-005
-2.3131333e-014
0.0067744223
-2.3131333e-014
0.0030635737
-2.3131333e-014
0.0033531315
0.0035923251
0.00010375223
0.0032795844
-2.3131333e-014
0.0025923639
0.0054414351
0.0024167454
-3.6296371e-005
0.0092792522
0.0024198196
0.0028310116
-2.3131333e-014
0.0024419303
-4.1424825e-006
0.0022541688
0.006464252
0.0017322405
0.0068239297
0.001232336
0.002303116
-7.6591337e-005
-6.184476e-005
-3.0041656e-005
-2.3131333e-014
0.005138834
0.005589671
0.0035242578
0.0031847208
0.0032963919
0.0012268378
0.0014590108
0.0029064598
0.0019389364
-2.3131333e-014
-2.3131333e-014
0.00043390957
0.0036414067
0.001933936
-2.3131333e-014
-2.3131333e-014
0.0050596746
0.0031523476
-2.3131333e-014
0.0052421801
0.0046052934
-2.8540451e-005
0.00010387811
-2.3131333e-014
0.0026986024
-2.3131333e-014
0.0061403031
-2.3131333e-014
-2.3131333e-014
-2.3131333e-014
0.0036977831
0.0040781551
-2.8540451e-005
-9.5500497e-005
-9.7506408e-006
0.0039387568
0.0067834161
0.0067834161
0.0053658409
0.0070214983
0.005164343
0.0007661515
0.0045032063
0.0011616072
0.00098976337
0.0057466314
0.0044512504
0.0055548538
0.0048595813
0.0060178973
0.0013595558
0.0048429105
0.00051184834
0.005642371
0.0046829076
0.0015573415
0.0064821615
0.00054499417
0.0013977583
0.004957418
0.0005181783
0.00059097847
0.0084103099
0.0012756744
8.3515367e-005
0.0021253316
0.004994563
0.0049682767
0.0057165315
3.1051628e-005
0.00088369502
0.0028483462
0.0047706662
0.0064353347
0.001074996
0.0055981605
0.0051712484
0.0048823228
0.004232525
0.0038118203
0.00090784153
0.0051778906
0.0056039961
0.005959302
0.0005665166
0.0053539482
0.0056978077
0.0035761151
0.0042257574
0.0080534671
0.0016640892
0.0063619124
0.00061296971
0.0040326475
0.0016238145
0.0048891293
0.0040875241
0.0060500395
0.00092952695
0.0048430203
0.0061729595
0.0067834161
0.0048817505
0.006083615
0.0059927257
0.0013981636
0.0013480323
0.0016238145
0.0040550252
0.0056022018
0.0055939365
0.0012778548
0.0058657801
0.0021621912
0.0013431715
0.0055883229
0.0056193525
0.0051746089
0.0059765527
0.0057666775
0.0050075349
0.0056943122
0.0049185551
0.0042916477
0.0055628718
0.0055781935
0.0057689193
0.0052605463
0.0013318583
0.0014231821
0.0045176467
0.00067927956
0.0015746552
0.0010148297
0.0051319063
0.0043681082
0.0006350324
0.0047037798
0.0043229643
0.004597881
0.0050997759
0.0015215596
0.0035706226
0.0040962917
0.0043290166
0.0048776294
0.0048852864
0.0050646737
0.0035510656
0.0043118267
0.00057133441
0.0050060621
0.0041477157
0.0005505077
0.0059821695
0.0075137956
0.0055356634
0.0038153756
0.00050784414
0.0067834161
0.0058527524
0.0033507392
0.00091198392
0.0058121004
0.0027238531
0.0058890179
0.004696226
0.0053305566
0.0016072902
0.005132491
0.0059665506
0.0050850303
0.0013285359
0.0013925319
0.0014954576
0.0037902452
0.0054806977
0.0034091562
0.0047055781
0.00063166819
0.005252111
0.0013871393
0.0056386705
0.0066599434
0.0017086942
0.0059910228
0.0035721434
0.0036944122
0.0042425572
0.0033818378
0.0057165315
0.0048259777
0.0050543733
0.0065092811
0.006081325
0.0028691882
0.0070608619
0.0049287476
0.00047763349
0.0037826341
0.0014007069
0.0048142078
0.0014236226
0.00049633746
0.0051361872
0.0056025093
0.00383205
0.0044218282
0.0049560852
0.0053741189
0.0058658407
0.0016150396
0.00062975626
0.0047730746
0.0048008608
0.0056880624
0.005259208
0.0063619124
0.0054601243
0.0041199267
0.006734263
0.0083700491
0.0022525497
0.0016944475
0.0039373442
0.0035654233
0.0041259961
0.0033130199
0.0048627381
0.0039183256
0.0063452431
0.0058187562
0.0034529669
0.0043578757
0.0060914373
0.0047818651
0.00086303339
0.005060575
0.00087595798
0.0046197444
0.0041858042
0.0044917098
0.0043660715
0.00027109471
0.0054497164
0.0051580415
0.0040194098
0.00075023189
0.0049941609
0.004303262
0.00073660416
0.0027639945
0.00082525726
0.0046037754
0.0012271898
0.0039373442
0.00050048721
0.0047636928
0.003492355
0.0060061452
0.0064240338
0.0045017454
0.0029380929
0.0053135727
0.0047478296
0.00049595942
0.0038595707
0.0046148254
0.0013348491
0.0049706432
0.0024209626
-2.0433537e-014
-2.0433537e-014
0.0043188996
0.0013940594
0.0019248949
0.0022676799
0.0018163352
-2.0433537e-014
0.0014127441
0.0018887446
0.0062806673
0.0023119331
0.0050549465
-2.0433537e-014
0.0016389718
-2.0433537e-014
0.0045646717
0.0051754621
0.0045124072
0.0043988071
0.0050315095
0.0015831808
0.0020554731
0.0044595713
0.0042147836
0.0031721407
0.0012560519
0.0057346977
0.00530184
0.0021337035
-2.0433537e-014
0.001902702
0.0028821633
0.0016582353
0.0043560086
0.0019327961
0.0041425784
0.0045949262
0.0026905095
0.0019148478
0.0044516747
0.0015937712
0.0019619464
0.0014246242
0.0014668407
-2.0433537e-014
0.0019131898
0.0044909216
0.0015159792
0.0015086491
0.0016436938
-2.0433537e-014
-2.0433537e-014
0.0049765119
0.0016487191
0.0029698637
0.0021942598
0.0022608139
0.0015890471
0.0049305415
-2.0433537e-014
0.0022528661
0.0020280761
-2.0433537e-014
-2.0433537e-014
0.0017095577
0.0042918207
0.004564595
0.0022984419
-2.0433537e-014
0.003815891
0.0048117488
0.0050315095
0.0017987257
0.0026946825
0.0014175227
0.001624154
0.0015217272
0.005809915
0.0019522835
0.0027229582
-2.0433537e-014
0.0020012914
0.0022698112
0.0024304442
0.0017429943
0.0019703022
-2.0433537e-014
0.0015833261
0.0046646581
-2.0433537e-014
0.0020913484
0.0054127832
-2.0433537e-014
-2.0433537e-014
-2.0433537e-014
0.0056583891
0.0016900406
0.0048825594
0.0048313113
0.0043464588
-2.0433537e-014
0.0013305549
0.0052060855
0.003389424
0.0020533934
0.0016947741
0.0020172554
0.0048003352
0.0015484994
0.003998877
0.0036706899
0.0027351375
0.0020338848
0.0043988071
-2.0433537e-014
0.0016009924
0.0016776672
0.0013880543
0.0079762739
0.0013912413
-2.0433537e-014
0.0033796128
-2.0433537e-014
0.0045030694
0.0036439771
0.0013033757
-2.0433537e-014
0.0017533447
0.0042778034
0.0045735865
0.00630956
0.0043048729
0.0048873467
-1.6327906e-005
0.0062672199
0.0077913557
0.0028518453
0.0040183438
0.0026219682
0.0067908595
0.0049419111
-3.1307906e-014
-3.1307906e-014
0.0039064715
0.0032327214
0.003212937
-3.1307906e-014
9.2838661e-006
0.0024714983
0.0036358903
0.0056886592
0.0064474509
0.0029529646
-3.1307906e-014
0.0047202016
-3.1307906e-014
0.00057788936
0.0077059637
-3.1307906e-014
-3.1307906e-014
-3.1307906e-014
0.0026620774
0.0055926489
0.004767295
0.0065327016
0.0035793203
0.0026735273
0.0088406292
0.0063860406
-3.1307906e-014
0.0066767832
0.0032127527
0.0077802692
0.0028576266
0.003703608
0.0027306249
0.0029528938
0.0050391426
9.5049912e-006
-3.9124947e-005
0.0068951191
-2.2323519e-005
-8.5492137e-005
0.00061438447
0.0021950491
0.0030512189
-1.1612593e-005
0.0042554732
0.0027472413
-3.1307906e-014
0.0040934602
-3.1507733e-005
-3.1307906e-014
-6.3978121e-005
0.0051597506
0.0073695352
-3.1307906e-014
0.0086579274
0.0025421002
0.0054360474
0.0029533429
-3.1307906e-014
0.0037900453
-6.5456962e-005
-3.1307906e-014
0.000730441
0.0051158248
-3.1307906e-014
0.0034453128
-3.1307906e-014
5.1261124e-006
0.0024739385
0.0069645901
0.0063628994
-3.1307906e-014
-1.9818649e-005
0.0025248921
0.0049596237
0.0029763453
0.0061256526
-1.5451922e-005
0.0012628744
0.0058009239
0.0049106477
0.0039004224
0.0080698404
-3.1307906e-014
0.0071353165
-3.3724086e-005
-3.1307906e-014
0.005436523
0.0031194182
0.0063218559
-3.1307906e-014
-3.1307906e-014
-3.1307906e-014
0.0071187661
-3.1307906e-014
0.0053529958
-3.1307906e-014
0.0065967511
0.0020563629
-3.1307906e-014
-1.7055732e-006
0.0059646755
-3.1307906e-014
-3.1307906e-014
-1.6327906e-005
0.0053275449
8.6258047e-006
0.0041185787
0.0025129642
0.0031613772
0.0054925959
0.0070430429
-3.1307906e-014
-6.0082669e-014
0.00274476
0.0061321078
0.001357996
-3.5335999e-005
0.0023525036
0.0034688403
0.0071851835
0.0062607279
-4.4087927e-005
0.0049331659
-3.6338827e-005
0.0060208262
0.003215798
0.0070712175
0.0051449822
-6.0082669e-014
-8.3797397e-005
0.005367666
0.0054228315
0.0027316399
-8.2142613e-005
0.0059354755
0.0046776361
-3.3660687e-005
0.0034516527
-6.0082669e-014
0.0037088884
0.0053368988
0.0044917901
0.003455511
0.00555213
0.0025363329
0.00030617834
0.0056688774
0.0058926619
-6.0082669e-014
0.0013779566
-6.0082669e-014
0.0071566078
-6.0082669e-014
0.0057424137
0.0035913365
-7.594998e-005
0.0067622129
-3.9427695e-006
0.0058627833
0.0013789925
0.0037358056
0.007589648
0.003768109
0.0057780375
0.0061328882
-6.0082669e-014
0.005698299
0.0052997136
0.0064491672
0.0041547654
0.005518696
0.00069434478
0.0050896589
-2.9317032e-005
0.0039874071
0.0049921987
0.0048941917
0.004562179
0.0051338606
0.0046563247
0.0033957957
0.0050332697
0.0035899299
0.00587847
0.0049155717
0.0034302682
0.0034615847
0.0070867723
0.0059515788
0.0053322156
0.0057829666
0.0054788487
0.0011712375
0.0054328023
0.0063952115
0.0045222149
0.0045059558
-6.0082669e-014
0.001608466
-2.9881969e-006
0.0028745505
0.0058302856
-6.0082669e-014
0.0063619508
0.0060887062
0.0053735381
-6.0082669e-014
0.0046181003
0.0051944416
0.0050211164
0.0037263262
0.003576956
-3.2941135e-005
-6.0082669e-014
0.0080933084
-6.0082669e-014
0.0055458356
-9.0522178e-006
0.0057054746
0.0054371494
0.0052364425
-6.0082669e-014
0.0058727072
-6.0082669e-014
0.0049328127
-3.1545266e-005
0.0023543207
0.0028935077
0.0054766575
0.0038078889
0.0044106058
0.0046811316
0.0053714054
0.004828338
0.0020226039
-3.8839463e-005
-6.0082669e-014
0.0014451489
-1.1916331e-005
0.0038283504
0.0045014704
0.0063951156
0.003567239
-6.0082669e-014
0.0064491744
-6.0082669e-014
-6.0082669e-014
-6.0082669e-014
-5.7799105e-005
-6.0082669e-014
-5.3596569e-005
-1.6844084e-005
0.00064745858
0.0030685264
0.0040737346
0.0011660131
-2.0560975e-005
0.00065103035
-6.0082669e-014
-6.0082669e-014
0.0056160409
-6.0082669e-014
0.0070963064
0.0045156701
0.0046730736
0.0031838266
0.005252149
0.00432332
-5.1293807e-005
-4.2999429e-005
0.0030785246
-6.0082669e-014
-6.0082669e-014
0.0033357801
0.0054447902
0.0039971667
0.0053512648
-2.0479881e-006
0.0064519445
0.0054510639
0.0045951232
0.003339562
0.0047352333
0.0058031
0.0087894294
-4.1974201e-005
-1.1942574e-005
-6.0082669e-014
0.0032035944
0.0045942198
0.0043669167
0.0063835969
-6.0082669e-014
0.003704793
0.00056398014
-6.0082669e-014
0.0051543304
0.0054072187
-3.3660687e-005
0.0042334407
0.0044883713
-6.0082669e-014
-6.0082669e-014
-2.1294625e-005
0.0036763229
0.0050432004
0.0070994237
-4.2430322e-005
0.0049115384
0.0030659348
-6.0082669e-014
0.0045747548
0.0040114375
0.004861496
0.0052632201
0.0045088441
-6.0082669e-014
0.0052369995
-6.0082669e-014
0.0052428676
0.0059346175
0.0033990339
0.0052498227
0.00566626
0.0056736791
0.0081675965
0.0039304991
0.0032336273
0.0048805432
0.0042667885
0.0059799903
0.0032409412
-5.0369171e-005
-6.0082669e-014
0.0053343113
0.0025502939
0.0027910898
0.0030690756
0.0037448405
0.0043682716
0.0058310373
0.0028085474
0.0036553132
0.0025822235
-5.5638499e-005
0.0044349002
0.0052978492
0.008127504
0.0050679972
0.0043457782
0.0032146231
0.005942906
-6.0082669e-014
4.7764087e-007
0.0024701344
-2.1312688e-005
0.0062741364
0.0054854614
0.0062543143
-6.0082669e-014
0.0059617008
-2.6296055e-005
0.0013194912
0.00429571
5.3751155e-006
0.0060680509
0.0037134783
0.0016341426
0.0047548981
0.0042916537
0.0042747239
0.004379447
0.0043160909
0.0044087115
0.0046601884
0.0065013229
0.0050147344
0.0033151361
0.003949354
0.0045687885
0.0051829072
0.0038533767
0.0056217823
0.0053641807
0.0051884266
0.006019813
0.0050629958
0.0045890041
0.0034337274
0.0030624666
0.0042951342
0.0040025039
0.0021120134
0.0018015638
0.0056523402
0.0042435882
0.0041233477
0.0014979108
0.0034870832
0.0039329231
0.00022469107
0.0035482481
0.0065881838
-0.00013154717
0.0057919335
0.0044114223
0.0067953679
0.0012514294
0.003078387
0.0044990312
0.0045154469
0.0038564114
0.0044721243
0.0036631379
0.0049382789
0.0014527844
0.0045289786
0.0046425231
0.0042051959
0.0043821829
0.0013188291
0.0050127993
0.0027771853
-6.3537684e-014
0.0052428574
0.0039876187
0.0046559178
0.0038915614
0.0056509751
0.00598855
0.0017759024
0.0069598314
0.0063356509
0.0045991291
0.0030463662
0.0063074137
0.0053406217
0.0081379358
-6.3537684e-014
0.0055660243
0.004915088
0.0035433223
-6.3537684e-014
0.0056135236
0.0036506149
0.0062423759
0.0050802949
0.0055114244
0.004596696
3.0279077e-005
0.0048111758
0.003248166
0.0049672354
0.00072085937
0.0045942195
0.0013210444
0.0050068351
0.0050911076
0.006350142
0.0060584634
0.0049578801
0.00045328184
0.0026263219
0.0048111758
0.0029788677
0.0051387058
0.0040275409
0.0014482067
0.0034918395
0.0041169699
0.0029421041
0.0030972236
0.0080305274
0.0013173873
0.0046449533
0.0044752064
0.0040755453
0.0051980115
0.0049897275
0.004291059
0.0057537663
0.0040369906
0.0045757293
0.0031892763
0.0037421321
0.00034597374
0.0038114651
0.0048804788
0.0047547229
0.0054482109
0.0052564785
0.0018668629
0.0052617692
0.0032154696
0.0044647997
0.0036353402
0.0056636829
0.0062571276
0.0044738105
0.004107165
0.0039966335
0.0034488873
0.0049726053
0.0048466736
0.004120181
0.0050774764
0.001399302
0.0044272824
0.00039591748
0.0049923425
0.0048534884
0.0038108601
0.0035282826
0.0065311735
0.0065311735
0.0065311735
0.0050959235
0.0038897794
0.0043570218
0.0042032621
0.0055077509
0.0049611075
0.005543818
0.003144271
0.0039326225
0.0055487662
-2.6793716e-005
0.0052307857
-2.4184384e-014
0.0035630167
0.0065191579
0.0028604288
0.0062198496
0.0020024451
0.0041139465
0.0043773621
0.0060371923
0.0065718656
0.0043668017
0.0055595912
0.00099893671
0.0055595912
0.0064369002
0.0065718656
0.0048784199
0.0050115453
0.005730707
0.0037538331
0.0041559112
0.0049445173
0.0071247077
0.005370236
0.0053514537
-2.4184384e-014
-2.4184384e-014
0.0060371923
0.0066004599
-2.4184384e-014
0.0051556438
0.0068452752
0.0040410938
-8.1499888e-005
0.005307933
0.0032499496
0.0051916757
-2.4184384e-014
0.0035292945
-2.4184384e-014
0.0058620112
-2.4184384e-014
0.0039133906
0.0054849389
-2.4184384e-014
-0.00010568244
0.0056041638
0.004372166
-2.4184384e-014
-2.4184384e-014
0.0062795992
0.0060371923
0.0040110028
0.006864181
0.0070101292
0.0027249068
0.0037602459
-2.4184384e-014
0.0046008687
-2.4184384e-014
-2.4184384e-014
-2.4184384e-014
0.0043042798
0.0056567783
0.0054234028
-8.9848413e-005
-0.00011413049
0.0056567783
-2.4184384e-014
0.0074421774
0.0050677353
0.001345821
0.0045703251
0.007355816
-2.4184384e-014
-2.4184384e-014
-2.4184384e-014
-0.00010842126
0.0043029465
-0.00017071397
0.0026266198
0.007207813
-2.4184384e-014
0.0030341819
-2.4184384e-014
-5.8368631e-005
-2.4184384e-014
-2.4184384e-014
0.0048889769
0.0054752876
0.005196683
0.0029016411
0.0038689529
0.0067132793
0.0046172491
0.0053227848
0.0031207918
-2.4184384e-014
0.0068034066
-2.4184384e-014
0.0028025201
0.0036488733
0.0026572637
-2.4184384e-014
0.0028366951
-6.0857638e-005
-2.4184384e-014
0.00041203551
-2.4184384e-014
0.0054512205
0.00055580882
0.0024581167
-2.4184384e-014
0.0063649848
0.0044928407
0.006879999
-2.4184384e-014
-2.4184384e-014
-2.4184384e-014
-2.4184384e-014
0.0057974555
0.0026334611
0.0059730457
0.0051681636
-0.00020109971
-2.4184384e-014
-2.4184384e-014
-2.4184384e-014
0.0024240553
0.0021432309
-3.0021165e-005
0.0030138226
0.0056114105
0.00029698172
-2.4184384e-014
-8.6883e-005
-2.4184384e-014
0.0050594254
0.0042116054
0.0046202775
-2.4184384e-014
0.0056567783
0.0031013726
0.0038701063
0.0060371923
-2.4184384e-014
0.0056567783
0.0036213163
0.0057902511
0.0046934209
-2.4184384e-014
0.0032380188
0.0068569771
0.004701952
0.0030656554
0.00028163974
-2.4184384e-014
-2.4184384e-014
-2.4184384e-014
0.0019099668
-2.4184384e-014
-2.4184384e-014
-2.4184384e-014
-0.0001263098
0.0033231955
0.0031696723
0.0062809552
0.0067410575
0.0052353421
0.0057018277
0.0051040329
0.0036391119
0.0032822819
0.0056085018
0.0046154134
0.0049953968
0.0064355896
0.0025293122
0.0044257982
0.0061802601
0.0041069726
0.0023607771
0.0045168549
0.0046730388
0.0052963663
0.0053960548
0.0050003943
0.0040930969
0.0056743409
0.00049352645
0.0062220236
0.0065082722
0.0044152315
0.0027003774
0.0045003103
0.0046510007
0.0049947844
0.0044404236
0.0058559394
0.0015164541
0.0032656708
0.0058598082
0.0028749848
0.0049024911
0.0046302649
0.0041068296
0.0060411558
0.0039798957
0.005239069
0.004526087
0.0046258103
0.0033669967
0.0048653314
0.0053735065
0.0077521002
0.0053362048
0.0047658349
0.0058376505
0.0042608634
0.0088930218
0.0055659519
0.0068112081
0.0055261014
0.0038372393
0.0043231259
0.0053014194
0.0028878948
0.0044970637
0.0058738734
0.0030350445
0.005872724
0.0043442914
0.0028328499
0.0051439147
0.0046449646
0.0035896326
0.0024555993
0.0066605629
0.0031631328
0.0080172799
0.0034622165
0.0040145646
0.0043162487
0.007406306
0.0042989206
0.0044392861
0.0029509603
0.0058185626
0.0061830823
0.0041984755
0.0042216862
0.006682784
0.0064465552
0.0032494769
0.0056194593
0.004644438
0.0054144672
0.0050293136
0.0064236785
0.0046407622
0.0055653494
0.0045616731
0.005724042
0.0029226713
0.0041899368
0.0046361721
0.0065904032
0.0047866889
0.0046048237
0.0032522589
0.0039684067
0.0055704462
0.0032219678
0.0020869206
0.0065279739
0.0052222132
0.0051508623
0.0026984185
0.0037874973
0.0051982384
0.0049996915
0.0049708018
0.004547265
0.0048201117
0.0015529063
0.0024417709
0.0057692582
0.0048492002
0.0050130908
0.0073000858
0.0019545326
0.0054933371
0.0042795705
0.0048529234
0.004953575
0.0047334612
0.0059995091
0.0073003944
0.0051537497
0.0050240135
0.0065926725
0.0073353157
0.0069994568
0.006827539
0.0059980022
0.0064330719
-3.9670721e-014
0.0045930052
0.0064028984
0.0069964496
0.0036487992
0.0069964496
0.0058809255
0.003530908
0.0041834754
0.0063305948
0.004396949
0.0069964496
0.0035650068
0.0063305948
0.0065926725
0.0063305948
0.0061389926
0.003597043
0.0065943613
0.0069964496
0.0063336512
0.0063305948
0.0063305948
0.0065926725
0.0031068589
0.0073398518
0.0065926725
0.0065926725
0.0040998627
0.0077188841
0.0063976127
0.0063305948
0.006286429
0.0065926725
0.0065926725
0.0062334811
0.0054409221
0.0078163892
0.0063403475
0.0061288046
0.0069272901
0.0075491735
0.0065926725
0.005898917
0.003089323
0.0073984897
0.0044549113
0.0065926725
0.0066595017
0.0059796561
0.0058018417
0.0069964496
0.0072457054
0.0061426234
0.0062611083
0.0050026969
0.006985335
0.0049193072
0.0063305948
0.008133424
0.0066290667
0.0065101026
0.0037559887
0.0065926725
0.0065926725
0.0063305948
0.0061426234
0.0040231124
0.0069964496
0.0061426234
0.0067211516
0.0063305948
0.0034610047
0.0082134901
0.0028198511
0.0054620528
0.0042739581
0.0035705014
0.0063064629
0.0035683833
0.0064423306
0.0059980022
0.0047951195
0.0071940069
0.0063330285
-3.9670721e-014
-0.00012124604
0.006050285
0.0061426234
0.0061426234
0.0065265269
0.0063025026
0.0058809255
0.0043505519
0.0068555687
0.0072807636
0.0063305948
0.0067879711
0.0048114786
0.0041377252
0.0070630709
0.0072565776
0.0067405116
0.0065644947
0.0035986111
0.0036987051
0.0064824299
0.0069964496
0.006206135
0.0063305948
0.0046248819
0.0039878991
0.0058809255
0.0056077369
0.0043378278
0.0080584003
-3.9670721e-014
0.0077188841
0.0046275278
0.0050010773
0.0067194834
0.0064370271
0.0066230299
0.0072704756
0.0056593198
0.0065260005
0.0071422699
0.0075928562
0.0061426234
0.006479609
0.0042309807
0.0067211516
0.0042457705
0.0063305948
0.00081456073
0.0029513616
0.0052415181
0.003604382
0.0058738797
0.0060560303
0.0071752978
0.0052115071
0.005113388
0.0056718022
0.0053949549
0.0045703016
0.0052338377
0.0058819701
0.0053300012
0.0045411891
0.0058367545
0.0054240084
-4.2664997e-014
0.0059447382
0.0049858057
0.0064664537
0.0049658492
0.0043323542
0.0036066596
0.0055472309
0.0042532813
0.0052923711
0.00076270038
0.0058258035
0.0053132632
0.0068919422
0.0040430178
0.0054152599
0.0056691853
0.0034145482
0.0045798165
0.0049952559
0.00566639
0.0045559407
0.0053264773
0.0059400884
0.0057737012
0.0043669786
0.003828272
0.0038793844
0.0014569414
0.0056089679
0.004456378
0.0043149769
0.0042346026
0.0056133051
0.0058970537
0.0068894592
0.0056080801
0.0050403408
0.0050702475
0.0053496325
0.0048489222
0.0044879948
0.0040599275
0.0055518391
0.0032213733
0.0052373301
0.0063297043
-4.2664997e-014
0.0055209508
0.0060270527
0.0053147214
0.0035179499
0.0068814115
0.0053344138
0.0054415139
0.0051957233
0.0044967353
0.0045218594
0.0060242377
0.0058037991
0.0058249326
0.0030302828
0.0052706017
0.0055372047
0.0027779247
0.0051941393
0.005860947
0.0068306833
0.0059809882
0.004168431
0.0050502584
0.0047065373
0.0043154672
0.0050757534
0.005550874
0.0056926604
0.0056430209
0.0045027023
0.0043323795
0.0054436453
0.0063745233
0.0049513591
0.0055239116
0.0053585573
0.0051070845
0.0058127676
0.004503199
0.0058322155
0.0048399446
0.0039887213
0.0069976802
0.0069201105
0.0043152781
0.0052788459
0.0065517317
0.0053161488
0.0038607253
0.0048659507
0.0076274042
0.0050258147
0.0053770715
0.005912471
0.0058181924
0.004909711
0.0055876439
0.0044622402
0.0056564709
0.0047164456
0.0056533004
0.0051721125
0.0041612757
0.0047781642
0.0062854337
0.0062578174
0.0044137582
0.0041033614
0.004618052
0.0051759177
0.0054897374
0.0051228241
0.0029788868
0.00062571814
0.0050344415
0.0053807842
0.0039832622
0.0042121174
0.0042774565
0.0045379188
0.0057694621
0.0048839233
0.0028472465
0.0045656813
0.0051989431
0.00068026213
0.0044421897
0.002597183
0.0055856943
0.0037045818
0.0013665947
0.0046819351
-2.3745627e-005
0.007716842
2.625934e-005
0.0038553983
0.0043201237
0.0052650249
0.0051238372
0.0051611663
0.0044347673
0.0056302666
0.0038849699
0.0045612909
0.0067980894
0.0087506065
0.0041446147
0.0061147877
0.0041515675
0.0016356399
0.0046454316
0.00053666615
0.0036715365
0.0072910984
0.0043814003
0.0046183106
0.0042723291
0.0050155739
0.0049818044
0.0052737513
0.0021776357
0.0043131537
0.0017178858
0.0057130654
0.0041682081
0.0038562707
0.0056451861
-2.9698407e-005
0.0038615145
0.0045857313
0.0012040381
0.0011003897
0.00082099457
0.0020889783
0.0045145567
0.0055019614
0.0050002489
0.0037445826
0.0032400779
0.0042859941
0.0066719686
0.0047984623
0.0049379008
0.00027516358
0.00025861474
0.0042811626
0.0045825285
0.0053668658
-3.8838775e-014
0.0046852647
0.0044925852
0.0021543214
0.0027210518
0.0033049321
0.0038837521
0.0071971472
0.0050331746
0.0039832622
0.0036715365
0.0012228002
0.0018907924
0.0012744966
0.0032572677
0.0054932899
0.00055650406
0.0066902015
0.0062869786
0.0067337209
0.008228993
0.0062946075
0.0044221922
0.004561934
0.0021900614
0.0046566412
0.0065739585
0.0045141832
0.0049234536
0.0048791152
0.0039805638
0.0065313458
0.0022434177
0.0036715365
0.0058548358
0.0047669327
0.0045469858
0.0049590179
0.0049154218
0.0058704587
0.0049326163
0.00023181885
0.0031184621
0.0081186407
0.0039472305
0.0020600714
0.0042969012
0.0048166881
0.004726432
0.00055650406
0.0044522319
0.0048025431
0.0054506611
0.0047286056
0.0016117318
0.0016342342
0.0026940705
0.0016232961
0.0012851009
0.0041067859
0.0042602099
0.003473812
6.7348013e-005
0.0046924296
0.0007526243
0.0044082267
0.00065614169
0.0056188796
0.0040057887
0.0032636368
0.0039614185
0.0036340894
0.00018163103
0.0055735815
0.0053075563
-3.8838775e-014
-3.8838775e-014
0.0043114443
-3.8838775e-014
0.004842787
0.00035583139
0.0035754421
0.00025695485
0.0029831007
0.001256679
0.00044353813
0.0017448362
0.0048579533
0.0039770568
0.0044043631
0.0044448911
0.00057026308
0.0033936804
0.0051542315
0.0038127132
0.0055678639
0.0061967437
0.0069539857
0.0044894351
0.004086996
0.0051707029
0.0052828653
0.0032636368
0.0037206732
0.0040253897
0.0039167876
0.004332888
0.0031838827
0.0042332584
0.00031407826
0.0039828828
0.002904136
0.0053626137
0.0028935836
0.00051544631
0.00021379943
0.00678048
0.0028634792
0.0038581788
0.0051796358
0.00035583139
0.0034945323
0.0035282518
0.00074043304
0.0047517961
0.0042897499
0.0055097196
0.0047513099
0.005657014
0.0061187504
0.0049935736
0.0056091335
0.0058723571
0.0046103901
0.00077825185
0.0055228084
0.0010851419
0.0044410153
0.0041384882
-3.8838775e-014
-3.8838775e-014
0.0003381371
0.0039770568
0.005665445
0.0060112187
0.0055358393
-3.8838775e-014
0.0034943621
0.005282822
0.0041022032
-3.8838775e-014
0.0050858689
0.0015151044
-8.973517e-006
-3.8838775e-014
0.0035677164
0.00096353448
0.0046181166
0.0043130076
0.0037940057
0.0030117445
0.0060099124
0.0048733612
0.0044648456
-3.8838775e-014
0.003124187
3.9999692e-005
0.0051935104
0.0047905307
0.0041079173
0.003204876
0.0050024526
0.005282822
-3.6702713e-014
-3.6702713e-014
-3.6702713e-014
0.0017844851
0.0033318141
0.0033701913
0.0032853747
0.0024071769
0.0016185181
0.0031330584
-3.6702713e-014
0.0017459539
0.0033594986
2.6786314e-005
0.005307061
0.0040739812
0.0073803446
0.0038441034
0.0019298913
2.3570692e-005
0.0011443235
0.0054934057
-3.6702713e-014
0.0032455772
0.0037194081
0.0040935694
0.0049292049
-3.6702713e-014
0.0012321879
0.003905911
-3.6702713e-014
-3.6702713e-014
0.0039988518
0.0032282011
-3.6702713e-014
0.0026832949
0.0015405312
0.0032190616
0.0040739812
0.0019711219
-3.6702713e-014
0.0039555868
0.0040739812
0.0045369653
0.0019205139
0.0030109454
-3.6702713e-014
0.0022790559
0.0037693304
0.0031157117
0.0042040024
0.0031370028
0.0018156994
-3.6702713e-014
-3.6702713e-014
0.0036056437
0.0038487618
0.0030149196
-3.6702713e-014
0.0083980389
0.0043849831
0.0015352713
0.0037973179
0.0071273096
0.0039117922
0.0038164313
0.0045118795
-3.6702713e-014
0.0037973179
0.005307061
-3.6702713e-014
0.0042751336
0.0032055921
0.0040739812
-3.6702713e-014
-3.6702713e-014
-3.6702713e-014
0.0040739812
-3.6702713e-014
0.0033554186
-3.6702713e-014
0.0032397181
0.001896974
0.003474963
0.0032730093
-3.6702713e-014
0.0055748314
0.00064070616
0.0046853906
0.0041546636
0.0051382155
0.0045118795
0.0036056437
-3.6702713e-014
0.0031069318
0.0036056437
0.0013018341
0.005307061
0.0034637851
0.0040739812
0.0028297308
0.0056971304
0.0045414176
0.0031152491
0.0040739812
0.0052435354
2.7913497e-005
0.0030284789
-3.6702713e-014
0.0018749484
0.0055327197
-3.6702713e-014
0.0041717119
0.003142026
-3.6702713e-014
-3.6702713e-014
0.0054576935
-4.5165188e-005
0.0023209127
0.0043178441
0.0037256031
0.0054794044
0.0045435832
0.0044651423
0.0047379693
0.0049402199
0.0047142779
-5.2182149e-005
0.0039725825
0.0031532419
0.0068909096
0.0026507122
0.0050638524
0.0037771495
0.0063555336
0.0055038203
0.0045465311
0.0034445505
0.0064657641
0.0063243595
0.0052662009
0.0046861702
0.0041967288
0.00036299309
0.0039468414
0.0056084583
0.0028240014
0.0038258901
0.0047148567
0.0034883457
0.0045294784
0.0032099223
0.0048913572
0.0061856827
0.0046205692
0.0055354692
0.0046313817
0.0049830958
0.0044678226
0.0030993208
0.0010752229
0.0031397844
0.003057771
0.0038300912
0.0047722719
0.0049428122
0.0067232414
0.0037387492
0.0035000209
0.0021026265
0.0031534819
-3.8243764e-006
0.007388604
0.0033722452
0.0039921136
0.0065059049
0.0044501293
0.0046321193
0.0030895312
0.00067149433
0.0038509393
0.0044980359
0.0027710808
0.0054448968
0.00047445249
0.0050046084
0.0042919962
0.0031124283
0.0056987945
0.003841689
0.0043825814
0.0044940474
0.0042451576
0.0037466997
0.0028780183
0.0048636052
0.00034123096
0.0051770962
0.0030757874
0.0041875179
0.0044489651
0.003954006
0.0036870551
0.00046387359
0.0047610772
0.0031141698
0.0049919572
0.0037664296
0.0040572974
0.0027337818
0.00019456468
0.0072396892
0.0039540919
0.0004030549
0.0040609524
0.0047862463
0.0055891143
0.0034730972
0.0060780682
0.0049020126
0.0020410846
0.0053003103
0.0038242636
0.0047264429
0.0031454189
0.0061220558
0.0048646926
0.0048539982
0.0049500381
0.0057097427
0.004752687
0.0041127826
0.0013853401
0.0052392004
0.0030946115
0.0044222655
0.0043564726
0.0065152945
0.0041383593
0.0055215249
0.0026172147
0.00043527083
0.0057085693
0.0037278985
0.0038719861
0.0047935269
0.0033867321
0.0030660359
0.0043269502
0.0051200681
0.0051795726
0.0044884057
0.0044160276
0.0079736442
0.0027380608
0.0048371952
0.0047106828
0.0035009433
0.0052586522
0.0043477828
0.004198848
0.0054013078
-2.308705e-006
0.0040109108
0.0013002869
0.0041195452
0.00054850742
0.0043568138
0.003310148
3.9760699e-005
0.0053800307
0.0055950425
0.0043550354
0.0051251236
0.003577711
0.0034042773
0.0061823622
0.0046637113
0.0029433632
0.0032045421
-0.00011247019
0.0023841333
-3.5237324e-014
0.0049579783
0.0030969678
0.0022292581
0.0033108654
0.0035271677
0.0034061528
0.001966935
-3.5237324e-014
0.003032902
0.002934131
0.0045292199
0.0030545711
0.0045638254
0.00305675
0.0028393487
0.0057971557
0.0062941917
0.00368609
-3.5237324e-014
0.0031132988
-3.5237324e-014
0.0058507207
0.0037761796
-3.5237324e-014
0.0042723832
0.003169664
0.0049068569
0.005309704
0.0040804447
0.0014313996
0.0034874919
0.0020686563
0.0015766836
0.0028901254
0.0025676441
0.0033795829
0.0061860981
0.0031911623
0.0037940684
0.0031911623
0.0035271677
0.003569843
-3.5237324e-014
0.0021980233
0.0065589899
0.00305675
0.00074123037
0.006274921
0.0031265862
0.0058892888
0.0036643438
0.0027805794
0.0029438735
0.0084001736
0.0059325331
-3.5237324e-014
-3.5237324e-014
0.0028089677
0.003307801
0.0031911623
0.0020865182
0.0040573784
0.0031911623
0.0030332756
0.0032075292
0.0051970277
0.0029756017
0.0034272951
0.0033108654
0.0022236936
0.0061823622
0.0068182738
0.004234911
0.0030734252
0.005920273
0.0036020955
0.0033108654
0.003549959
0.0041643331
0.0054748043
0.003577711
0.0019024607
0.0038044799
-3.5237324e-014
0.0030309001
-3.5237324e-014
0.0016397902
0.0050335643
0.0031811879
0.0038651798
0.0041310688
0.0044058433
0.0031471075
0.0030457575
0.0026029341
0.0018079902
-3.5237324e-014
0.0063257887
0.0056885615
0.003577711
0.0032694419
0.0038060082
0.0057025834
0.0024565933
0.0032079603
0.0070965328
0.0030123883
0.006328927
0.00305675
0.0062960038
0.0018266215
-3.5237324e-014
0.0023645052
0.0016029743
0.0071275055
0.0034457213
0.0029746199
0.0040859604
0.0043338266
0.0033795829
0.0039391828
0.0037940684
0.0028882556
0.0058116029
0.0030115048
0.0036521238
0.0027565861
-3.5237324e-014
0.0047528868
0.0033790983
0.0029946552
0.0050331223
0.0043008122
0.0082378506
0.0049383786
0.0038870747
0.0030945324
0.0049431715
0.0034184014
0.0039975448
0.003259351
0.0036165291
0.0055454319
0.004424875
-3.5237324e-014
0.0055563587
0.0036638535
0.0035187408
-3.5237324e-014
0.0077198599
-3.5237324e-014
-3.5237324e-014
0.0032785338
0.0032259909
0.0033752164
0.0049701942
0.0034373767
0.0048156838
0.0029035588
0.0031132988
0.0043000553
0.0045507223
0.0031911623
0.0035982151
0.0027417481
0.0041846411
0.0035770976
-3.5237324e-014
0.0062324421
0.0033108654
-3.5237324e-014
-3.5237324e-014
0.0030123883
0.0030876328
0.0032160888
0.003714338
0.00305675
0.0043008122
0.0034803773
0.0036004164
-3.5237324e-014
0.0027371173
0.0029217238
0.0031883391
0.0061693551
0.0032776977
0.0021769048
-3.5237324e-014
0.005437199
-3.5237324e-014
-0.0001694961
-3.5237324e-014
0.0060664488
0.0066989855
0.0033543589
0.0031218591
1.0090585e-005
0.003617313
0.0023433159
0.0032532766
0.0051854497
0.0078832035
-2.4349694e-014
-7.1469101e-006
0.0040129439
0.0039447923
0.0035205417
-1.6078587e-005
0.0043419536
0.0053893782
0.0066767607
0.0031723907
0.0067693018
0.0027464504
0.0039805529
0.0021078924
0.008329384
0.0031427131
-2.4349694e-014
0.003509572
0.0053837059
-2.4349694e-014
-2.4349694e-014
0.0019760269
0.0049910392
0.0039710575
0.007240207
0.004431179
0.0037094862
0.0042202697
0.0075663958
1.5712786e-006
0.0077898084
0.0081423474
0.0052173557
0.0028168791
0.0060046554
0.0043142986
-1.8753622e-005
-6.104927e-006
0.0072367768
0.0060131395
-5.1114268e-006
0.0059156646
0.0061251245
0.0042536237
0.0039493475
0.0069613925
0.0042141051
0.0066884085
0.0059459712
0.0050516989
0.005199077
0.0038201999
0.0071765641
0.0068573187
-2.1699978e-005
0.0041327395
0.0039998626
0.005689281
0.0036348948
0.0058960721
0.0044484322
-2.4349694e-014
0.0064083854
0.0072937641
0.0076115313
0.0059564325
0.0037618709
0.0037408885
0.0027315288
0.0054839258
0.0009570415
0.0041471001
0.0080955039
0.0087849126
0.0057075432
0.0034154782
0.0028801369
0.007374924
0.0038520763
0.004383941
0.0041454927
0.0029340831
0.0031331352
0.0052596856
0.0032279443
1.0462578e-005
0.0036909737
0.0057389843
0.0060946735
0.0043310213
0.0043139884
0.0075663958
0.0070844578
-2.4349694e-014
0.0056004266
0.0041290295
0.0025524271
0.0039948341
-2.4349694e-014
0.0035049976
0.0077109164
-2.4349694e-014
0.0068390586
0.0045533956
0.0057281463
0.0041989323
0.0045107055
0.0058979503
0.0042592242
0.0082634404
-2.4349694e-014
0.0021495629
0.0070844578
-2.4349694e-014
0.0052901966
0.0028035763
0.0032209458
0.0028212171
0.0041445777
0.0057527794
0.0045805352
0.0046451356
2.3534119e-005
0.0060664488
0.0023848248
0.0041521003
0.0042894056
0.003377847
0.0066521098
0.0043599181
0.0059459712
0.0069155594
0.0026380243
0.0070195723
0.0040011696
-2.4349694e-014
0.0040034608
0.0044655416
-7.1469101e-006
0.0080947913
0.004276137
0.0079455017
0.0044749652
0.007126895
0.0056705147
0.0046257997
0.0083444745
0.0029193379
0.006975928
0.0070347698
0.004787146
0.005315748
0.0048298097
0.0075272482
0.0077634716
0.0065181595
0.0059529877
0.0016938736
0.0035104136
0.0054768856
0.0028070823
0.0068088165
0.0049392236
0.0054688501
0.0055999936
0.0064252465
0.0031155392
2.4892074e-006
0.0073980196
0.0054940215
0.0088286556
0.0065762396
0.0042142436
0.0036684574
0.0062618764
0.0017751902
0.0052327103
0.0061527508
0.0052417283
0.0047738572
0.0047874812
0.0036531624
0.0070310718
0.0065176657
0.00440599
0.005284595
0.0061612018
0.0051252892
0.0051288879
0.0041522136
0.003289407
0.0044340422
0.0056598995
1.8485973e-005
0.0038654014
0.0035879842
0.0053621618
0.0025063768
0.0051276182
0.0035232796
0.0055037851
0.0050729324
0.0066091453
0.0047684421
0.0023301772
0.0051311737
0.0070008176
0.0036459944
0.0040103405
0.0086335334
0.0037466869
0.0051291501
8.1814625e-005
0.0043567988
0.0052629175
0.005301536
0.0036955089
0.0054404658
0.0053155778
0.0043854683
0.0052713615
0.005750177
0.0043743327
0.0047414677
0.0051945707
0.0057267394
0.0070345631
0.0024312607
0.0044804101
0.0043170442
0.0047301329
0.0050683527
0.0045249645
0.0063897896
0.0050428222
0.0073009258
0.006085681
0.0062520634
0.0049933232
0.0033403621
0.0046427903
0.0058864469
0.0049647947
0.0019483394
0.0026945105
-2.9153163e-014
0.00087153519
0.0065713526
0.0045342823
0.0032190726
-4.1822219e-005
-2.9153163e-014
0.0031760451
0.0046160699
0.0029574841
0.0061264984
0.0018272442
0.0013688224
0.0072565501
0.0035149055
0.0056486999
0.0050312626
0.003572831
0.0051740805
-2.1298288e-005
0.0038521242
0.0031461058
0.0045120768
0.0033772309
-4.6902115e-005
0.0042182182
0.0013602634
0.0032779312
0.0014970476
0.0030571602
0.0021552251
0.002084805
0.0054284332
0.004729517
0.0055372586
0.0061292157
0.0048903285
0.002783997
0.0026083559
0.0034167542
0.003676758
0.0025374108
0.007306183
0.0024825288
0.0018903437
0.0035977924
0.00036741181
0.00425239
0.0022492164
0.0023433565
0.002968275
0.0045622671
0.0038841341
0.0024825288
0.0048067771
0.0021011899
0.003344372
0.0038746081
0.0060859271
0.0015830599
0.0035180851
0.0052423394
0.0050352776
0.0036475731
0.0018331235
0.0033226224
0.0027177311
0.0048737137
0.0025313307
0.0052391662
0.0018420586
0.001300883
0.0029496292
0.0064952365
0.0076838722
0.0058864469
0.0039591619
0.0055381985
0.0034011072
0.0029875251
0.0022426182
0.0056903563
0.0022539711
0.0014886333
-2.9153163e-014
-2.9153163e-014
0.0015946297
0.0023433565
0.0026288814
0.0019556456
0.0021844105
0.0058864469
-2.9153163e-014
-2.9153163e-014
0.0037149707
0.0058864469
0.00097635066
0.0040089717
0.0035356121
0.0058864469
0.0037002052
0.0076820687
0.0076820687
0.0024729931
0.0029093014
0.002164616
0.0043102779
-2.9153163e-014
3.9453337e-006
0.0021173283
-2.9153163e-014
0.0037654939
-3.86696e-005
0.0013751353
-2.9153163e-014
0.0035338064
0.0016455278
-2.9153163e-014
-2.9153163e-014
0.0026424031
0.0018906246
0.0013594953
0.0031316605
0.0013576374
0.0026945105
0.0026741803
-4.1010761e-005
0.0032168897
-2.9153163e-014
-7.4384493e-006
0.0006188916
0.0015255535
0.0047632553
0.0031485361
0.002047739
0.0023433565
0.0014144203
0.0048737137
0.0022426182
0.0033593354
0.0026671956
0.002120756
0.00039429546
-2.9153163e-014
0.003698181
0.0050689641
0.0038201635
-1.178522e-005
0.0036591599
0.00039691664
0.0063255813
0.0037350474
0.0060537924
0.0031301505
0.00040644698
0.00567582
0.00043028612
0.0054397901
0.0054609905
0.0055919608
0.0043808043
0.0057219354
0.0049503871
0.0036760735
0.0069985413
0.0046404155
0.0040813245
0.0052467909
0.0067391911
0.0044265311
0.0060451043
0.0040132589
0.0055528114
0.006147979
0.0054860552
-1.9883714e-014
0.0030625377
0.0062921151
0.0071063595
0.0055645217
0.0067224266
0.0030115955
0.0050122161
0.0045737226
0.0040531337
0.0027131421
0.00047282548
0.0065916193
0.0072269295
0.0048047026
0.0054967409
0.0051267793
0.0031861335
0.0066950863
0.0010376422
0.0058523161
0.0048412243
-1.9883714e-014
0.0050346304
0.004001814
0.00080704021
0.0066543625
0.0047412102
0.0068117852
0.0045546598
0.00047956166
0.004690421
0.0004992358
0.0047593033
0.00040644698
0.0057945649
0.0073278061
0.0059012086
0.0032003271
0.0011802414
-9.1069352e-005
0.0058178026
6.8872859e-005
0.0035825185
0.0069292658
0.0055329621
0.0047794243
0.0045283776
0.0051486382
0.0067510897
0.0005011588
0.0061492012
0.0055683968
0.0061319533
0.0065605924
0.0056859681
0.00041165534
0.0051382959
0.0067999746
0.0037880034
0.0043420594
0.0070587646
0.0061795728
0.0052642095
0.00660646
0.0052148246
0.0044768249
0.00539762
0.0044823849
0.0049577823
0.0051441805
0.0062908293
0.0037032005
0.004010192
0.0047156392
0.003720158
0.0063335458
0.0067313865
0.0053910309
0.0059691048
0.0050276168
0.0066693411
0.0070406806
0.003789059
0.0071506985
0.0063211706
0.0057249682
0.0063630032
0.0065916193
0.0051775305
0.0079370645
0.0059643169
0.0065916193
0.0040118362
0.0066876504
0.0011655106
0.00046862468
0.0056774577
0.0044705128
0.0031546579
0.0051179653
0.0037611348
0.0039157542
0.0052443629
0.0044058169
0.0067158449
0.00567582
0.00567582
0.0053904155
0.0042525544
0.00039156466
0.0061492012
0.0043071474
0.0044655721
0.0050415852
0.0056279777
0.0045423719
0.0049580986
0.0054287023
0.004742865
0.00050615463
0.0033959572
0.0063113965
0.0042947656
0.0041223596
0.0052201453
0.0025895803
0.00010359495
0.0054920797
-1.9883714e-014
0.0054609905
0.005391365
0.00050730308
0.0050178455
7.4532408e-005
0.0051226889
0.00055021795
0.00048585149
0.0057489964
0.0053056729
0.0050968745
0.0059392007
0.0050441429
0.0046542923
0.0011856591
0.0039049819
0.0046294056
0.006275003
0.00054414836
0.0045221313
0.0034301981
0.0037571501
0.001165471
0.0073660287
0.0051951274
0.0066254972
0.0084270327
0.0044826642
0.0048776541
0.0051486382
0.00483847
0.0044078233
0.0058410623
0.0045262047
0.0054070466
0.0054964538
4.8944462e-005
0.00051370605
0.0004444186
0.00027981807
0.0044513378
0.0044025977
0.0056170505
0.0051486382
0.00012459323
0.0063430859
0.0060580766
0.0046804074
0.0037021751
0.0059511649
0.0046037314
0.0039621006
0.0058202707
0.0064905093
0.0048804416
0.0010320541
0.0035594194
0.0047257244
0.0066107224
0.0064582498
0.0055737114
0.0066617673
0.0042310356
0.00053091495
0.007314905
0.0050623121
0.0043646448
0.0047824971
0.0043682732
0.0052505253
0.0058175334
0.0051705445
0.004893182
0.0046446044
0.00032582595
0.0047987348
0.0041152248
0.0041128622
0.0041840988
0.0045970507
0.0057506154
3.9701313e-006
0.0045530493
0.0071020752
0.004737087
0.0044859194
0.0039057709
0.0061784219
0.0052814527
-6.5840763e-005
0.0036642037
0.0059467519
0.0045003295
0.005865749
0.0048344096
0.0059712738
0.00413589
0.0041842244
0.0042815948
0.0037507245
0.00041295685
0.0044353578
0.0041419815
0.0042850451
0.0074131303
0.0038291518
0.0074980435
0.0037034064
0.00039127211
0.0062877452
0.00076237555
0.0058939853
0.0030625377
0.0039741409
0.0054702251
0.0007275937
0.005454144
0.0060251013
0.0052778495
0.0064109869
0.0043771214
0.0060713332
0.0035427255
0.0064794166
0.0048818823
0.0035461046
0.0041188172
0.0045733032
4.1124425e-005
0.0023905556
0.0067187686
0.0071452221
0.0046640392
0.0060335673
0.0040598338
0.0045929281
0.0072886058
0.0036386737
0.003961726
0.0053851101
0.0075849511
0.0051681807
0.0050510052
0.0054924884
0.005668306
0.0048217134
0.003961726
0.0042561749
0.0040464971
0.0047429182
0.0049890079
0.0053355329
0.0062926332
0.004811423
0.0054499868
0.0043971445
0.0048719791
0.0041706863
0.0050217899
0.0062910517
0.003216288
-2.8791e-014
0.0032233802
0.0032233802
0.0029499017
-2.8791e-014
0.003557509
0.0057453725
0.0037398288
0.0061315309
0.0057453725
0.0031858781
0.0054864698
0.0015980322
0.0025837297
0.0053548338
0.0040756591
0.0041333666
0.0057453725
0.004825605
0.0037078651
0.0053048206
0.006503905
0.0037393962
0.0059027596
0.0015867804
0.0021957531
0.0042498968
0.005922707
0.0051549434
0.0054848074
0.005565296
0.0047545083
0.0037425546
0.0052914493
0.004948284
0.0032233802
0.0054741534
0.0042341391
0.005250102
0.0009052972
0.0072458563
0.0031352321
0.0055366073
0.005607648
0.0041082734
0.0042543257
0.0048540953
0.0045195413
0.0037089073
0.005423022
0.00055188629
0.0049008011
0.0056475856
0.0058767276
0.0049617126
0.0057051178
-2.8791e-014
0.0041916156
0.0054398514
0.0062463838
-2.8791e-014
0.0028046116
0.0048488673
0.005281781
0.0048588931
0.0045589598
0.0057089645
0.0077467277
0.0074810709
0.0048675317
0.0051332834
0.0053178865
0.0025741698
0.0056690283
0.0075325195
0.00488119
0.0062093501
0.0048524695
-2.8791e-014
0.007354246
0.0060532672
0.0020726508
0.003670529
0.0059820796
0.0030121774
0.0034092879
0.0050959285
0.0045074161
0.0038367037
0.0058464505
0.0059814304
0.0042376678
0.0056697685
0.0026654194
0.0032233802
0.0065792131
0.0049761866
0.004121425
0.0064538879
0.0053686295
0.0037633299
0.0057453725
0.0056912924
0.0046646394
0.0041167286
0.0060384993
0.0042643394
0.0031318094
0.0032233802
0.0032262511
0.0034607883
0.0070926849
0.0034474249
0.0043070632
0.0029526747
0.0062224213
0.0057606916
0.0036675905
0.0038384151
0.0066126694
0.0046276537
0.0062832758
0.0045552605
0.0051138093
0.0048161882
0.0028839203
0.0050245867
