-0.9408092520171769
0.008249105830724135
0.3525823253366094
-0.9358415804932945
0.3911732442437965
0.870197097594352
0.6517375571261412
-0.9658343976780135
0.8052177070790252
0.7536596146224419
-0.16022717167849887
0.6979554561088677
-0.42874479968607004
0.4559835195036517
-0.40949615530010575
0.6931330967546976
-0.6504112361055301
-0.5136646278224382
-0.7260704045636601
0.5228837306175755
0.008177062183120087
0.2529261632703317
0.7510462449560995
0.25262249194816166
-0.2439523918499913
0.04325682733383074
