0	18.392293777718333	0.5640680142474476	2143.3700353392856	0.6852356366454894	0.5731206399756973	8.569937	3.6599498942853987	2.9834029716866053	4.91291760981803	4.550192765181324	0.38204370468789106	0.7090236228150779	-0.23691100822847888	4.59944118197238	3.8284861445704452	4.846879168401863	1.5476141703736153	5.575453345811552	3.1623046126050305	2.8968695453400946	0.5322395616898403	-0.800229316645853	0.33456360121127227	2.0121694391573044	1.3953149131952738	3.1153176204633137	6.308269005098763	5.733579678530367	10.01081397307605	5.751181140984401	9.355609614279741
1	20.2939272387774	0.6436431104312238	9848.22540483036	0.6832373868975438	0.5706816563436348	8.486601	26.573760354938713	27.378512615357554	21.252628600727753	21.810745340765017	0.38204370468789106	0.7090236228150779	-0.23691100822847888	24.098456328285607	26.12855567181994	29.437667622916532	17.062608196350357	26.31975259595596	16.006340759215476	16.018113211999758	0.5322395616898403	-0.800229316645853	0.33456360121127227	16.330033616923824	16.550521807952673	23.22465172574379	32.3346343340465	39.4369309310532	40.971617864848525	36.546891834635	40.403749427414894
2	19.934605330115083	0.6254367216494098	10470.145534121524	0.6849383118532344	0.5698477885554349	9.271365	50.32637984329031	52.52980798351089	39.595071061010714	41.03887243276425	0.38204370468789106	0.7090236228150779	-0.23691100822847888	45.800242851187505	49.9409481628748	56.056771958045964	30.135260662840754	46.11862562502869	28.108418388180553	28.400987297797595	0.5322395616898403	-0.800229316645853	0.33456360121127227	29.423726537340634	28.904704328373917	42.076984170652636	60.236803854272324	76.04657137271155	76.27883281151873	71.09149639066736	75.21735748556344
3	19.69464528337224	0.61636379451679	8756.086448413771	0.6850385803698962	0.5701502706436654	10.43098	69.06972842895976	72.58614257302865	54.11836033641491	56.295024631845564	0.38204370468789106	0.7090236228150779	-0.23691100822847888	63.27616076786463	68.99494299832426	78.00480015194819	40.68407494813735	61.130475869174475	39.519277674623375	40.0324636283347	0.5322395616898403	-0.800229316645853	0.33456360121127227	41.67631706354986	39.149794881058654	58.660393245741545	84.34649882500068	107.0788952698632	106.31533664818022	100.71122889215948	104.6018569545457
4	19.540431515061655	0.6089354030455008	7792.588049618081	0.685171639245115	0.5705898322232478	8.555362	85.90102368306039	90.69994192546385	67.55749888420519	70.4066907624453	0.38204370468789106	0.7090236228150779	-0.23691100822847888	79.28543388011991	85.88767305027632	97.82607198841646	48.361959700652584	73.70836692315042	48.26265673151221	48.98183255855916	0.5322395616898403	-0.800229316645853	0.33456360121127227	50.89067288289822	46.54421836952124	71.96858354615262	106.11827167555974	134.80334758989784	133.9413011808245	127.50084316954073	131.67275401620992
5	19.578197149336226	0.6055129461983182	6875.212936071555	0.6852250078184164	0.572410078684253	8.59078	100.4199686154113	106.41580957087416	78.36289716558046	81.81763548692048	0.38204370468789106	0.7090236228150779	-0.23691100822847888	92.5386141880513	100.66516972917302	115.34360745207685	57.377581562957076	87.26184304914771	57.67666835604171	58.59583589646156	0.5322395616898403	-0.800229316645853	0.33456360121127227	61.10532378774697	55.45249656399531	86.35683430874276	124.39364236651983	158.92213366085426	157.22188589960837	150.09756940358986	154.3919907822831
6	19.51189087093251	0.5998002488054816	6500.367148069716	0.6851192267987317	0.5727563494823016	8.524814	114.42985721383553	121.3521328905035	89.50464509964985	93.58150184266535	0.38204370468789106	0.7090236228150779	-0.23691100822847888	106.02407320448049	114.92379943493768	131.94139599898767	63.852183821161574	98.65508317140814	65.35226776477774	66.47674393640199	0.5322395616898403	-0.800229316645853	0.33456360121127227	69.44349415989377	61.605722366344665	99.35851694466348	141.9877721965285	181.90295666037832	179.87940547461668	171.918699188854	176.44985283271902
7	19.62962694320378	0.6027845839538689	5815.552755726306	0.6852243175926672	0.5726972663432334	8.488046	126.85175762333887	134.66324266668846	98.91734698932667	103.579018041836	0.38204370468789106	0.7090236228150779	-0.23691100822847888	117.5268755596114	127.52244339750055	146.48145934182787	70.19704612007011	108.5258247047348	72.74542312550635	74.02154779802315	0.5322395616898403	-0.800229316645853	0.33456360121127227	77.2780492828965	67.76063361761615	109.98215655605908	158.02396836824803	202.6619144400505	200.28247443562168	191.71775981832624	196.4946685784146
8	19.446191706237514	0.5998759102634851	5592.043550567888	0.685201774502987	0.570780960677235	9.06347	139.5819543650497	148.32527033944734	109.68126590542673	114.82003836928656	0.38204370468789106	0.7090236228150779	-0.23691100822847888	129.95006039148709	140.27533232657058	161.50934584773051	75.5648423066738	116.9638986277774	78.43046732021351	79.84951623091605	0.5322395616898403	-0.800229316645853	0.33456360121127227	83.08642229246635	72.81789115801175	117.86601817759612	173.04790833734418	222.2889616165486	219.66583903781105	210.65018595721287	215.4813930850452
9	19.384628670921856	0.5905624755339838	5461.741217567721	0.6851823779474765	0.5706341635892715	9.302935	152.18023960174006	161.80180650555448	118.8144053977117	124.55746115526313	0.38204370468789106	0.7090236228150779	-0.23691100822847888	141.24319646743433	153.10245144170017	176.1010126011075	80.80631844838285	125.31099819316066	84.09726659575446	85.63077028962483	0.5322395616898403	-0.800229316645853	0.33456360121127227	89.1854710077962	77.86968429101023	126.66953705865932	187.93943970887761	241.67404636120685	238.4159744588331	229.41118136012406	234.336743941028
10	19.204700122922546	0.5811790090297558	5466.867959224268	0.685296845249125	0.5705361237825274	9.780817	163.6764380351493	174.13753897760984	126.54060133249601	132.77874737867103	0.38204370468789106	0.7090236228150779	-0.23691100822847888	151.0810318542278	164.6867700974106	189.3333468851494	87.98194896260955	135.48181849642455	91.51255317809849	93.19654992042628	0.5322395616898403	-0.800229316645853	0.33456360121127227	97.104509832277	84.96209926053207	137.33677149880666	203.4175181259824	261.47285633758963	257.4574031172733	247.89818836441844	252.80559598349868
iterations terminate with max limit of iteration steps reached
total 141s used
