9.6289
9.30331
9.34956
9.38944
7.19364
9.09547
9.59489
7.50617
8.98223
8.41558
8.78161
7.18207
8.32777
7.0403
7.65331
7.62277
6.773
8.09493
7.46704
8.31382
7.53615
7.53615
9.16617
8.05842
8.58944
6.88689
9.01148
8.55921
9.70375
6.25148
6.07951
8.24653
7.52365
7.2527
7.94711
8.36543
7.09911
6.77772
7.69526
7.43007
6.88689
7.45865
8.26831
7.28059
8.25798
7.01537
6.99555
8.09112
6.55368
7.18315
5.74784
6.25986
5.8275
7.07855
10.7395
7.86826
6.8748
6.87426
6.14882
7.8981
7.65452
6.28716
8.7323
6.21793
5.35039
5.78875
8.85225
6.0316
9.47947
7.27913
6.95072
9.1142
9.6288
7.60912
7.07154
8.5322
6.79825
6.48608
8.13144
7.03567
6.48608
6.90886
6.28001
7.53273
6.78893
7.49228
7.45795
7.22467
7.25313
6.00428
7.35594
5.62633
7.71388
6.99555
6.95112
6.07116
9.54306
8.76672
7.38954
6.88689
7.10527
6.45401
6.88689
6.56696
5.93396
8.44033
6.88689
6.91099
6.99555
8.44169
7.03801
8.66245
7.21585
6.88689
6.86824
6.62908
8.38152
5.98715
6.6829
6.18868
7.44372
6.67824
6.88689
7.72707
7.83668
6.09751
6.52357
6.88689
6.99555
6.56
8.45509
9.35119
7.28892
7.25301
8.02493
6.88689
7.79519
5.68337
8.82408
6.69058
6.88689
6.99555
6.81921
7.61718
6.88689
7.538
8.15159
6.88689
7.54926
6.29739
6.99555
8.44169
8.15159
7.58242
7.94479
8.22231
7.30986
6.42947
7.34365
6.88689
7.65954
6.88689
8.44169
6.76844
7.20862
7.20274
8.02365
6.99555
7.5661
7.12486
8.82252
6.66322
5.9591
6.32615
6.88689
7.41434
6.88689
6.99555
6.92344
8.44169
6.73898
7.82568
7.01285
7.38914
6.88689
7.41871
6.89224
6.6346
6.88689
6.79825
6.99555
8.44169
5.93631
9.32917
6.89224
6.68737
7.54692
6.54721
7.54815
7.51637
6.88689
7.79517
6.88689
6.99555
5.88491
8.67382
6.62565
7.63831
6.55562
6.23026
6.6953
7.89114
7.07019
6.88689
7.50826
7.9321
6.88689
7.05896
6.24402
8.0512
6.99555
7.77297
6.27985
8.24157
8.71427
6.85445
8.38916
7.32394
6.96797
6.88689
6.7677
6.88689
7.93579
7.49863
7.78625
6.99555
5.7741
6.37923
5.7741
6.93445
9.0568
6.28453
6.16531
5.80256
6.80701
6.79493
6.88689
6.88689
7.89982
9.14247
7.59544
6.43512
6.70956
6.94867
8.46233
6.99555
8.9879
6.99555
8.50676
6.88689
6.88689
6.93195
7.07154
6.54918
6.96646
6.88689
6.88689
7.07796
7.29406
6.71231
6.99555
6.95052
7.70948
7.16456
8.09883
7.29058
8.10469
7.64695
7.61268
7.66372
7.66648
6.25779
10.3027
6.24707
6.30136
5.03823
6.06518
7.68957
6.60693
7.18672
6.76337
8.07331
7.81113
5.70876
7.10618
7.52601
7.16985
5.51532
5.74642
6.59876
6.53947
7.79961
7.42457
5.66988
4.75719
7.23786
5.40434
6.31109
6.36614
7.06775
6.58104
6.07116
5.12471
8.68356
5.6567
5.63561
6.5844
7.73783
6.51748
6.82416
6.82416
6.69605
8.32135
7.77336
9.64818
5.45448
6.99898
8.37928
7.08835
6.55896
7.01816
5.69622
7.52305
6.91535
6.48186
7.10058
6.48892
5.35039
7.19751
7.35218
6.61737
6.99555
7.15542
7.23038
6.88689
8.67382
6.66685
5.68576
6.68672
7.1262
7.70482
5.91696
6.74414
6.2771
5.79562
7.99187
5.79224
8.18464
5.9383
5.74427
6.20243
7.82323
6.67305
6.34187
8.09013
7.48099
7.32243
6.42451
6.45411
6.91535
6.8471
6.87013
6.57024
7.24637
6.67305
7.33506
5.92851
6.7283
7.20727
6.38295
6.50611
7.95605
7.28031
6.7368
7.49222
5.84405
8.16779
6.70848
8.51517
7.1206
6.3862
7.20304
10.3931
7.71652
6.42248
6.21603
9.25814
9.02973
7.86147
7.49945
5.74956
6.42451
7.93781
6.79812
7.4526
7.50044
7.05853
6.85931
6.84401
8.03344
7.32503
7.30986
5.51504
6.88689
6.99555
7.65954
8.39081
6.88689
7.20274
6.99555
6.88689
6.55174
6.88689
7.085
8.67382
8.67382
6.88689
7.12486
6.67911
6.08767
6.99555
7.95391
6.99555
6.88689
6.88689
6.03641
6.99555
6.88689
6.42297
5.92418
7.12465
6.11265
5.95785
6.36721
6.78833
6.88689
7.03416
6.99555
6.01918
8.67382
6.81009
7.24451
6.88689
7.36225
5.59745
6.88689
7.63178
6.99555
8.67382
6.7362
6.88689
6.88689
7.81096
6.88689
8.18888
6.88689
6.99555
6.52335
6.88689
6.69869
6.88689
6.99555
6.63549
6.99555
6.99657
6.88689
6.88689
7.59018
6.99555
6.79818
6.88689
6.88689
6.99555
6.88689
6.88689
7.20274
6.99555
6.88689
6.88689
6.88689
6.88689
6.99555
7.23878
8.67382
7.12516
6.66714
6.88689
6.88689
6.99555
8.67382
6.91535
7.05778
8.67382
6.28703
6.99555
5.33162
7.29544
8.01329
7.54912
8.40064
6.55181
6.88689
6.88689
8.67382
6.99555
6.88689
5.17055
6.88689
6.88689
6.18182
6.99555
6.49773
6.88689
6.99555
6.88689
6.88689
6.99555
6.88689
5.70027
6.88689
6.88689
6.88689
7.28237
6.99555
6.88689
6.88689
6.99555
8.67382
6.99555
6.6762
7.12445
8.67382
6.88689
7.65954
6.88689
6.38289
7.17715
8.67382
6.88689
6.88689
8.67382
6.99555
6.96891
6.88933
6.88689
6.88689
6.99555
6.88689
6.88689
6.99555
7.36899
6.88689
6.88689
6.88689
6.88689
6.99555
6.88689
7.65954
6.99555
5.90124
7.20274
6.88689
6.88689
8.67382
7.12486
7.30986
6.99555
6.93648
6.99555
5.84302
6.99555
7.07154
6.88689
6.88689
6.88689
6.88689
6.99555
6.99555
6.88689
6.88689
6.19248
8.67382
6.99555
6.99555
6.88689
5.59469
6.88689
6.77772
6.43422
8.67382
6.88689
6.88689
7.94427
7.0164
5.76617
6.88689
6.88689
5.86899
6.88689
6.88689
8.67382
7.19799
7.10398
6.99555
6.99555
8.67382
5.86265
7.72588
6.88689
6.88689
8.67382
6.99555
6.99555
6.88689
6.48376
6.88689
6.88689
6.88689
6.17908
8.67382
6.88689
6.88689
6.99555
8.67382
7.12486
6.99555
7.30986
6.99555
7.65954
6.88689
6.99555
6.57383
6.69598
7.20274
6.88689
6.88689
6.88689
6.88689
6.99555
6.88689
5.6548
6.84401
6.99555
6.54287
5.38523
6.88689
9.84102
6.99555
7.0888
6.28842
6.88689
6.88689
6.88689
6.99555
6.88689
6.9558
6.88689
6.99555
6.88689
8.67382
7.49326
6.13713
5.90537
6.88689
6.99555
7.67517
6.04171
6.41348
6.88689
6.82616
6.88689
6.88689
8.67382
6.99555
6.88689
6.88689
6.88689
6.99555
6.88689
6.99555
7.33086
7.83661
6.80789
6.99555
6.88689
6.99555
6.32615
6.88689
6.88689
6.88689
7.38875
6.88689
6.88689
6.99555
6.88689
6.99555
6.40459
7.30986
6.88689
7.65954
6.88689
6.09962
6.99555
7.12486
6.19854
6.88689
6.88689
6.55174
7.20274
8.67382
6.99555
6.88689
6.88689
6.76844
8.67382
6.99555
6.53506
8.67382
6.99555
6.75237
6.88689
5.74841
6.88689
6.88689
7.778
8.67382
6.88689
6.99555
6.12874
6.88689
6.88689
6.99555
7.93605
6.88689
6.99555
6.88689
7.58049
8.67382
8.67382
7.30986
7.20274
6.1988
6.88689
6.67205
6.88689
6.88689
6.99555
7.65954
6.88689
7.12486
6.99555
6.88689
7.71726
8.67382
6.99555
7.36985
6.88689
6.99555
6.88689
6.99555
6.88689
6.88689
8.67382
6.99555
6.88689
6.88689
8.67382
6.45615
6.88689
6.88689
6.88689
6.99555
6.88689
7.29158
6.88689
6.99555
6.88392
8.14568
6.99555
6.88689
6.88689
8.67382
6.88689
6.05347
6.99555
8.67382
6.88689
6.99555
6.88689
6.88689
7.0095
6.99555
6.88689
6.88689
6.99555
6.88689
6.88689
6.99555
5.99738
6.88689
6.88689
6.88689
7.80365
6.99555
6.88689
6.99555
8.67382
6.88689
5.68482
7.82783
7.12486
6.88689
8.67382
6.99555
7.30986
7.65954
7.20274
6.88689
6.88689
6.99555
8.64624
6.88689
6.88689
6.99555
6.99555
8.67382
6.88689
6.99555
6.88689
6.88689
6.88689
8.67382
6.88689
6.88689
6.88689
6.99555
6.88689
7.79617
6.88689
6.99555
8.42481
6.99555
6.88689
6.88689
6.99555
8.67382
6.88689
6.88689
7.81432
6.88689
6.99555
6.88689
6.52651
6.99555
6.88689
6.88689
5.569
6.0971
6.88689
5.569
6.88689
6.25298
5.59745
8.67382
6.99555
6.88689
6.99555
7.77932
6.88689
6.88689
7.19799
6.88689
6.99555
7.16985
6.99555
6.88689
8.66072
7.217
6.88689
6.99555
6.14882
6.88689
6.88689
6.88689
6.88689
10.1288
6.88689
6.88689
8.67382
7.73512
6.99555
6.88689
6.99555
5.59745
6.48186
6.3421
6.88689
6.99555
6.88689
6.55242
6.88689
6.88689
6.99555
7.65954
6.88689
5.59745
6.99555
6.88689
8.67382
6.88689
6.99555
8.67382
6.74161
5.87706
6.58957
6.88689
6.01682
6.99555
8.67382
7.20274
7.30986
6.08101
6.88689
6.88689
6.88689
6.88689
6.8802
8.39633
6.89374
8.67382
6.88689
6.88689
6.93727
6.76234
6.99555
6.76234
6.88689
6.99555
5.42271
6.88689
8.60795
6.99555
8.67382
7.29171
6.88689
6.88689
8.67382
6.99555
6.88689
6.88689
6.58766
6.99555
6.88689
6.88689
6.51195
6.88689
6.88689
7.67549
7.33045
6.99555
7.46854
6.88689
6.88689
6.99555
7.12486
7.61268
6.88689
7.30986
6.88689
8.67382
6.99555
6.88689
7.20274
7.65954
6.88689
6.88689
6.84401
6.8171
6.92692
6.99555
6.99555
6.95269
6.88689
6.88689
6.99555
8.67382
7.50428
7.75843
5.7947
8.97666
9.29722
9.09303
9.66217
7.81995
7.71413
8.01428
8.57
7.77548
8.68391
8.40391
7.61937
9.688
7.49318
8.41551
6.39962
7.3322
6.42903
8.87819
6.40218
10.9911
8.03928
6.33336
7.1001
6.29629
6.93467
10.5461
8.67234
6.28659
9.65634
7.9666
8.66497
6.7054
8.48689
8.26346
6.78516
6.41436
8.84672
6.53622
6.8011
6.96641
8.75517
7.70796
7.24457
8.5363
6.86253
6.86906
6.94455
6.78686
6.86906
6.87027
6.25676
12.6188
12.4164
6.66495
6.27023
7.04055
10.6551
7.32763
7.19981
9.44754
9.54729
7.01846
8.18524
6.37838
6.2746
7.31176
7.18238
8.41541
6.13945
6.59464
7.38189
8.19314
7.27512
6.70246
5.48457
7.2226
9.75143
8.78244
7.15365
8.78244
9.1907
7.27692
6.7054
6.80822
6.91504
7.71346
7.04424
6.84516
7.52636
6.66009
6.91118
6.13807
6.7054
6.79842
8.77044
8.93242
6.63148
6.7054
6.97331
6.7054
7.07509
6.92512
7.61314
6.77502
7.35341
10.1198
7.01723
6.94199
7.03664
9.72304
7.2537
8.56902
9.04653
7.72823
6.79687
9.10429
6.7054
10.1991
11.4726
9.96885
7.46062
7.16765
10.4935
9.85038
10.6466
9.12109
6.1713
6.72636
9.32112
7.51384
6.62404
7.2455
7.64024
8.659
6.16165
10.8488
6.51786
9.98651
8.37264
9.18994
6.88224
6.76457
8.10309
7.0586
7.14431
8.18651
10.6962
8.69606
8.17929
6.46376
9.61304
7.1313
8.40082
6.50681
8.4081
7.39481
9.14278
8.8346
7.36239
8.63919
6.42635
9.64819
7.87699
6.60447
8.9733
8.06663
7.2537
8.87316
8.29564
8.34223
6.54951
7.7387
7.48733
6.75683
9.7518
6.88762
7.08317
8.6107
6.91008
6.38064
6.33481
8.02112
9.2413
7.64011
7.03014
8.43541
6.79842
5.79619
6.43938
7.86828
6.79279
8.45617
6.01487
6.99694
8.47112
8.84284
6.54228
6.9009
9.3976
6.19566
6.71576
6.61613
7.20312
6.45584
7.73783
10.9071
9.71041
8.55548
10.4465
6.80249
9.81134
8.74643
9.83253
7.5974
5.90666
7.77392
8.03278
9.43951
6.70057
9.24546
7.09551
9.39813
8.34293
10.4743
9.80002
9.62055
6.14487
6.7411
8.94812
6.80269
6.60996
6.64428
6.79129
7.62033
6.97164
8.63619
6.7054
7.19659
6.52861
7.39252
7.23165
7.31944
6.97164
6.90092
8.26346
7.47882
7.36232
7.74268
8.28442
7.68092
7.48563
6.83719
6.51882
7.25419
7.14355
6.63092
7.75066
7.85808
6.97164
6.91592
9.4453
6.51882
6.97164
8.90114
7.72409
7.53315
6.7054
7.41659
7.43718
7.15188
7.5079
7.14938
7.83677
6.7054
6.39734
7.20294
7.47882
8.03167
6.78453
7.98661
6.39734
7.05035
7.71012
7.15188
6.7054
6.39734
10.0729
6.97716
8.11445
7.20294
6.39734
6.7054
7.53457
6.81905
8.11785
7.0396
8.38378
6.74025
6.7054
9.5137
7.68856
6.7179
9.95295
6.27783
8.74423
7.93972
6.84516
6.73769
6.20645
6.89094
7.06785
6.73298
9.3512
10.8352
7.2536
6.89106
6.42354
7.45495
8.11183
7.09388
8.36947
8.04225
8.11183
7.63512
7.45495
9.55545
8.95036
6.65994
7.97058
8.83877
8.01326
9.30797
6.76088
6.5627
8.09832
7.23231
8.09832
6.1376
10.0747
6.14487
7.99662
7.71482
6.6193
8.88922
7.31193
7.37085
9.22855
7.08705
11.7772
7.45495
9.4643
8.02407
8.4065
6.95629
7.54792
6.78308
6.33601
6.49547
7.36236
6.40415
6.89986
7.70398
7.07956
8.42124
6.78179
8.6107
8.30804
8.6107
9.18143
9.58756
9.5298
7.01912
8.6107
10.0725
9.88151
5.80601
8.6107
10.0076
9.13994
8.24882
10.7509
6.6371
8.6107
9.71085
8.6107
9.88151
9.88151
11.5164
9.57885
9.02771
8.6107
8.6107
9.69363
9.34795
8.6107
6.43882
9.58756
8.6107
9.58756
11.145
9.2973
8.30804
8.69431
10.1381
10.4972
9.70404
10.867
9.31794
6.64524
7.26601
6.6454
6.31505
5.73764
9.28428
7.00885
7.23487
6.67426
7.77545
6.42988
6.44731
6.89229
6.44363
6.43241
6.53522
5.73764
7.16715
5.40617
7.05671
9.88543
6.77536
10.824
8.28921
8.25705
7.32763
6.68234
8.86823
9.88543
7.8149
7.77545
11.1246
6.78516
7.27745
7.94485
6.13458
9.31303
7.46632
6.26875
7.20609
6.97058
7.34474
9.60384
6.36947
7.13953
7.08005
7.9263
8.74486
7.07269
7.68993
7.72938
9.68301
7.68993
8.09895
7.68993
6.69336
7.68993
7.9263
7.27404
6.39338
6.90903
9.14957
6.72636
7.28957
9.46099
7.9263
7.68993
8.09895
7.68993
8.67022
7.5622
7.70557
7.72938
7.9263
7.9263
6.55688
10.5678
7.1313
6.14487
6.70246
7.1682
6.34718
5.4902
6.48429
5.84201
10.4094
7.18108
8.19248
7.34204
8.56706
6.88782
8.15707
6.93697
7.06217
6.89548
6.06038
9.31145
7.07167
10.0092
6.79486
6.76802
8.10481
6.80471
7.44549
6.66495
7.54792
6.22617
7.11316
7.11316
6.06038
6.66495
7.95574
7.88069
6.80471
6.20551
7.14938
6.51382
8.18651
9.25532
9.43351
5.95756
8.35564
6.30675
6.69584
6.55939
7.34359
6.533
6.40526
8.73131
5.78584
6.87307
6.23831
7.69843
6.40526
6.23831
8.44217
9.41616
6.40526
6.44382
6.34845
6.39428
6.81434
7.43854
7.03565
7.05439
6.42099
6.53522
8.78088
6.9496
9.49271
7.70717
7.00965
6.52543
8.92577
8.22976
7.63585
7.09388
11.6655
7.53179
7.62162
6.64061
7.27217
7.95445
7.69234
6.23903
7.07269
6.35288
5.69745
6.2424
6.81421
8.15436
8.08093
8.80688
6.93293
6.78967
7.63796
6.56594
7.4422
7.07408
6.95158
5.90666
9.80184
7.9635
6.25986
7.13714
7.28234
7.80833
9.68619
8.07167
7.17713
9.53556
9.53556
8.31451
7.77443
6.92992
6.30629
6.79865
6.87863
6.28705
7.77443
7.92222
6.87863
6.78561
6.3033
6.87863
6.85874
6.20048
6.87863
6.97158
6.95177
9.36839
6.75715
6.87863
7.36285
10.2795
6.57217
6.92058
6.20048
6.92992
6.75715
6.92013
6.47338
6.66519
7.4505
6.87863
6.66519
6.75715
6.66519
7.92222
6.87863
6.79865
6.59989
6.52543
6.88843
6.92992
6.78561
6.87863
6.92992
6.79865
6.87863
6.78561
6.40395
6.37946
6.20048
8.78116
6.49509
5.97487
7.3169
6.2935
6.2935
6.2935
6.2935
6.2935
8.26016
6.31505
6.2935
6.2935
8.69436
6.2935
6.2935
7.74675
6.2935
6.2935
6.2935
6.2935
6.98095
10.0232
6.2935
7.25889
6.2935
8.48475
6.24976
7.07568
9.60762
8.9333
6.2935
6.29696
9.63449
9.62224
7.73752
6.2935
6.10947
6.3603
6.96156
8.52013
7.17172
8.82153
10.0997
6.80471
7.10616
8.76403
6.37079
6.20048
6.46481
7.16976
7.30932
6.48429
10.4678
11.1546
7.3169
6.55688
9.98563
7.19811
10.4678
8.36927
9.38299
6.06038
6.02627
7.32662
5.70563
6.1558
10.1074
10.105
10.2031
9.7133
10.131
10.0816
8.41835
8.41551
8.39947
7.44871
5.3333
7.3552
8.14393
8.14511
8.15563
6.34838
6.84263
6.98239
7.7266
9.67022
6.28533
8.14961
10.1273
6.81072
6.84263
6.98239
8.6399
6.87106
7.68548
8.80688
5.99968
5.4415
9.43623
6.47105
6.78967
7.29837
7.12577
9.10429
7.57625
7.24355
7.12155
8.0843
6.65763
6.7486
6.89509
6.6744
9.24083
9.96489
10.6928
7.91126
8.41698
8.80688
5.46751
9.42253
8.45652
7.91126
9.9066
8.99842
7.0123
9.2854
9.37533
6.25017
9.19137
8.99488
7.26614
8.35271
6.69171
7.73423
5.90666
6.71066
8.67173
7.89828
8.40315
8.68914
8.28564
8.33071
7.03858
8.56908
8.41698
8.46508
8.46508
8.46508
8.46508
8.46508
8.46508
8.46508
7.37685
6.36261
6.29701
9.74486
8.73157
9.59183
6.73542
8.74295
9.31826
5.95756
6.07979
6.74738
5.95756
8.77902
6.8457
9.7211
6.03614
7.70848
9.53502
7.29722
6.67593
8.73445
6.66825
9.96003
9.32736
6.7175
9.68301
7.36796
7.85337
6.53959
6.80069
8.59437
6.87105
6.50353
7.40952
5.84837
10.1201
7.27311
8.62657
7.7225
7.1266
6.4393
6.46344
7.02595
7.02595
6.87603
6.87603
8.39977
6.92512
9.9557
7.05386
7.43997
7.04807
7.05386
6.22831
8.80383
6.25955
7.05386
6.14487
7.02595
6.41694
7.05386
7.05386
6.70242
6.85823
7.37207
6.78486
6.84218
7.53729
6.71847
6.80575
6.31505
6.07979
8.60881
6.17336
10.4474
6.46524
5.8782
6.90163
6.25955
9.88151
7.0951
8.72718
9.99799
10.0725
8.72718
9.99799
8.98336
6.27276
7.19134
6.31489
6.69759
8.91084
9.6113
9.26957
6.7774
7.62635
7.3994
6.50732
6.56123
6.57352
7.72106
8.07153
6.30136
7.74271
6.48391
6.45481
6.66495
5.76552
7.18335
8.57497
7.0586
7.03014
9.1637
6.67694
7.50498
7.45013
6.18185
8.47247
9.88638
8.74292
6.53522
7.33424
6.99829
6.63227
9.28543
7.79282
8.09839
6.7063
6.93697
8.49226
8.62395
8.18318
6.01103
6.49034
8.41541
7.26824
8.7153
6.52448
8.79831
9.31903
6.93293
6.45969
8.90688
6.51202
7.42264
6.7785
7.51009
7.04739
6.27822
6.16653
10.0507
9.62224
9.35961
9.20894
8.02598
4.9966
6.63758
9.54222
8.91406
7.28613
6.2698
6.9004
6.44517
6.58248
9.02279
8.89673
6.46152
7.1007
8.80922
7.1007
7.38219
6.88695
6.84458
6.41671
7.25889
7.44742
7.4617
6.22508
7.87514
6.24274
7.44549
6.53819
5.99958
9.18982
7.03189
7.07817
6.46502
6.64466
6.1481
6.29701
6.70165
7.71939
6.68505
7.37496
8.93815
7.60192
11.4385
12.3969
11.0274
9.04485
7.69671
9.56211
8.85729
10.3567
9.25047
11.8908
10.5802
7.4712
10.1025
9.30081
8.57242
10.1737
10.387
8.52531
9.93167
10.3039
9.63681
10.1536
9.00464
10.8505
9.25821
7.79349
8.82625
9.06932
10.7969
9.8199
7.57224
9.67483
10.3352
8.21436
12.0431
9.29199
8.67662
9.35685
8.04584
8.47959
9.85958
11.5129
10.2451
9.02652
8.39318
8.56639
9.78348
11.2184
8.20723
7.89936
9.08565
11.2595
8.68723
11.7619
7.94262
7.67384
9.40389
8.44982
11.7316
9.65817
9.77378
10.187
9.17191
8.46325
9.36476
9.08063
8.53407
11.8699
7.61759
11.7316
10.1889
9.40389
10.0892
9.83536
10.2228
11.8699
10.2196
10.0062
7.82518
7.91497
8.40495
8.38976
8.48164
7.89226
7.86564
9.34048
8.60288
7.93739
9.41785
7.13226
9.11174
7.81414
10.0682
9.77947
10.0406
10.8847
7.85401
8.66199
9.07248
8.55896
8.41958
8.08716
8.1927
10.5431
7.98131
7.73539
9.53592
8.37432
9.50235
9.47802
7.26031
9.3567
9.01013
9.76148
9.86801
7.9743
8.59912
7.88708
9.12962
7.97583
7.06855
7.47981
8.42188
8.67662
9.62215
8.58953
8.24358
8.23649
8.86215
8.49506
8.46954
7.90511
8.70699
7.43153
7.67145
7.99463
9.24346
9.08508
7.54403
7.21688
8.25452
7.901
8.93592
10.0795
9.48391
7.63529
9.6566
8.29458
8.86156
9.48175
8.55079
9.64729
8.9893
8.85676
8.281
10.3978
10.2099
8.90548
8.23912
8.06296
8.84803
9.15476
8.07068
8.0868
8.10387
8.38477
9.54475
8.57381
9.20887
9.65929
9.4969
8.7428
9.4636
10.1448
9.87829
8.33975
8.31699
9.24273
8.62685
9.37971
8.58851
8.47483
9.756
8.72823
7.82179
6.47297
9.67483
8.24905
9.80702
10.0988
8.50244
8.37342
8.81126
8.13566
7.84684
8.50244
12.1623
8.35997
8.50244
8.50244
6.90319
7.66935
11.1495
9.82611
9.15323
9.89545
8.85812
8.02205
10.9694
9.30133
9.8399
7.77362
6.47297
6.94472
8.70752
7.08126
6.94293
6.84893
6.93549
7.46756
8.42206
7.76494
6.83247
8.01397
8.67152
8.36073
9.41471
9.09224
8.36852
6.83777
9.15533
7.63722
8.45963
8.78697
8.77969
7.67524
8.14378
7.45601
7.02559
7.35925
8.765
8.91577
7.76687
8.8141
10.4856
7.65983
8.20223
8.50299
9.86183
8.39827
10.6576
9.06867
8.34896
8.50469
7.10002
9.28739
7.66985
9.04428
9.8385
10.0952
9.47769
8.02211
8.14725
8.83363
9.63239
10.7794
7.76358
8.5835
8.39227
9.3657
9.29881
8.98233
9.35639
8.54431
9.23562
9.66876
7.84135
9.18383
9.64675
8.31703
7.95327
8.77672
10.2911
8.33782
9.78846
8.83052
9.62419
7.18907
8.51942
7.29824
9.74715
8.92058
9.05954
9.47207
9.87474
8.33672
9.00269
8.47557
9.382
8.4487
9.95761
9.34449
8.52986
8.98233
8.0121
8.96127
8.65278
10.6142
9.14163
8.8546
10.1854
7.47632
8.95529
9.87474
9.54679
9.54644
9.62991
10.5537
7.46399
7.16147
7.01337
7.2892
7.96133
9.84524
8.25095
10.5166
6.72522
8.73256
8.38941
9.17498
8.09733
8.7435
7.57693
7.99282
7.41651
8.18274
7.89508
7.9979
8.47248
8.30993
8.74042
8.59306
7.43564
7.96279
6.9007
8.46881
8.61465
9.55756
8.24898
8.05596
9.97925
9.61933
9.18949
8.22117
9.46614
9.92292
9.71147
7.87791
9.71147
9.8919
6.73881
9.88413
7.4049
9.45351
9.88413
9.2647
7.20605
9.88413
9.88413
7.50881
9.88413
7.67996
9.71147
9.15463
9.88413
7.4049
8.0701
9.88413
9.93379
9.88413
7.18306
9.88413
9.88413
11.0133
8.39416
7.70055
9.69615
9.3421
10.0593
9.19673
7.76494
8.18362
9.65944
8.40807
7.19878
10.1229
10.1976
9.27963
9.92377
8.95441
8.30556
8.54539
8.95441
9.91182
9.40249
8.87547
9.08604
7.2398
8.97349
8.41548
9.09491
9.03299
9.0067
9.40861
7.99933
9.16842
7.30853
7.86869
7.80366
8.9541
7.73356
8.72192
9.00112
8.25617
7.58693
9.80025
7.58485
8.35901
8.61723
9.07941
9.8128
10.8542
8.94794
8.9541
8.92684
7.88813
8.80541
8.4456
6.73718
7.68453
10.1118
8.46513
7.22627
8.07406
7.46756
8.37131
9.01671
7.4589
8.6437
8.55338
8.17028
9.52533
6.88691
8.55338
9.17551
7.04722
8.22127
8.92548
8.25397
9.03414
9.81803
8.10818
8.61867
8.45471
9.64381
7.93992
8.35439
8.45293
8.6516
9.88435
8.35647
9.14065
7.70827
8.82614
8.02984
7.96513
8.50417
8.02079
8.89061
8.68352
7.74717
9.35319
8.45095
8.54888
8.27652
8.00336
9.0285
9.10631
9.73975
8.5419
7.91362
8.44105
9.68342
8.28204
8.86518
8.53791
7.80729
8.71064
8.387
8.47557
8.00232
7.5883
7.83868
7.53198
8.54769
8.56075
9.44163
9.05988
7.83608
9.59621
10.6184
8.08903
8.14522
8.38524
8.17303
9.12198
8.88561
9.19621
7.98233
9.11891
8.14015
8.21676
8.32915
10.0864
8.06796
7.72537
8.60955
11.1088
8.48401
7.88053
8.58448
8.75281
8.77928
8.4383
9.04371
8.69988
8.4874
8.13544
8.83421
9.97563
6.96425
8.72395
9.24346
8.80958
9.14445
7.62113
7.82472
8.32866
8.80048
8.08103
9.37765
7.88053
8.8141
7.00042
8.8977
7.95841
8.38728
9.5386
8.96922
8.45968
9.7228
9.07313
8.6463
9.14415
9.30769
9.5946
7.01203
8.12215
8.50437
8.42649
8.54429
7.47675
8.65412
9.53771
9.57
7.62444
8.48851
8.17795
7.52663
7.84691
8.35357
8.81533
9.65742
8.57245
8.47504
7.47632
8.87587
8.74659
7.15759
8.42375
9.00447
8.45612
9.07697
9.14789
9.97617
8.55288
10.8026
10.2567
7.83275
8.22317
10.2245
10.3591
7.3184
10.1739
9.435
10.6472
7.73588
8.44237
11.0794
8.74826
7.55902
8.29996
9.14506
8.91075
7.72775
8.91075
8.5062
7.54621
8.91075
9.34881
8.11775
10.0283
9.92621
7.84318
9.24069
7.72188
8.27128
7.91583
7.91808
9.03424
8.54122
10.4007
7.51824
9.26568
9.64231
7.85037
8.33018
8.0159
7.9287
8.12546
8.18818
9.04013
7.3677
7.0603
8.08746
9.05994
8.11276
7.60131
7.6428
8.27856
8.95923
8.64961
8.5787
7.56492
8.16699
8.02629
8.30021
8.86428
9.22269
6.44118
7.77764
4.87049
5.34044
7.69611
7.84057
9.65908
7.53423
8.30569
8.43353
7.47302
8.42403
8.06361
7.21796
8.77555
8.08504
9.42045
9.9904
8.96312
10.1633
8.68448
8.82204
9.59363
9.63084
9.88808
9.65908
10.6978
10.8704
8.45107
7.27973
8.61064
8.65996
9.02308
9.65908
7.26
10.1236
9.26348
8.18487
7.46889
7.8122
7.60208
8.70992
8.29331
8.11098
7.93825
8.4136
8.52212
9.11581
8.1997
7.79068
7.71656
7.76385
7.82953
8.55801
7.5032
9.57234
7.63705
8.18745
7.37217
9.85221
9.34639
10.3317
10.4416
7.52994
8.74714
9.60234
7.82518
7.64435
8.92202
6.87135
9.02308
8.78803
8.75507
7.49093
9.21088
10.0879
10.2118
9.42627
7.41728
9.14325
10.699
9.2334
7.53025
7.95891
7.804
7.7569
7.75851
7.78804
8.146
9.0864
9.11392
9.12673
7.2269
8.60992
8.07048
9.71816
8.59426
8.17456
7.15759
7.88261
6.64293
8.68371
6.92304
7.26205
8.68081
6.65191
9.16759
8.03813
8.69591
8.81853
9.46088
9.16759
8.36449
8.65425
8.32143
7.05983
8.24375
9.36739
7.69584
7.37437
9.67655
7.72847
7.23074
6.98753
7.72833
6.97163
9.04214
8.394
6.98753
9.52036
6.98753
6.64293
6.96065
6.82379
9.46207
8.80009
7.23074
6.64293
8.72266
6.64293
6.96065
8.9029
6.64293
6.82944
7.49974
8.44214
6.82379
6.90687
6.98753
9.30878
9.1104
6.64293
6.92924
6.98753
6.96065
7.70918
9.14226
7.16839
9.91391
8.82136
8.82136
8.82136
8.82136
8.82136
8.82136
8.82136
8.82136
8.82136
8.82136
8.82136
8.82136
8.82136
8.82136
8.82136
8.82136
8.82136
8.82136
8.82136
8.82136
8.82136
8.82136
8.82136
8.82136
8.82136
8.82136
8.82136
7.80879
9.42281
7.65394
9.82253
8.94117
8.97295
9.34625
8.92065
9.6605
9.98469
8.7159
9.29639
9.42413
9.07077
9.02736
8.41106
8.71264
7.56343
9.78998
8.89536
9.48095
9.42908
9.73269
8.41015
9.75527
9.27454
8.33473
8.42372
7.62432
8.52986
8.6682
8.6476
8.79593
8.71549
8.89132
8.71346
9.48851
7.88053
8.21189
8.82174
9.27871
9.57471
10.5673
8.91834
8.82136
8.82136
8.82136
8.82136
8.82136
8.82136
8.82136
8.82136
8.82136
8.82136
8.82136
8.82136
8.82136
8.82136
8.82136
8.82136
8.82136
8.82136
8.82136
8.82136
8.82136
8.82136
8.82136
8.35299
7.37596
8.92546
8.99235
7.33462
8.1877
8.16826
7.94932
8.46014
8.50018
6.88892
7.51246
8.30934
8.38929
7.72537
7.6677
6.98024
8.05916
8.65559
7.70014
7.97475
9.00139
8.55181
8.96166
8.96166
8.23322
8.30056
7.75725
9.82811
8.31544
7.73632
8.56249
8.27044
8.15579
7.35522
7.75725
8.00571
8.20119
7.88875
7.97475
8.6732
7.4258
7.00042
7.24812
7.60612
7.35522
8.71063
8.08661
9.02891
8.17238
7.99659
8.71604
7.48139
8.90037
8.50227
9.69868
8.29458
9.36483
8.91349
9.10239
7.32842
8.09712
9.01563
7.52755
6.87874
8.78163
9.5646
8.96679
8.47004
8.98724
9.01288
8.13057
9.14446
9.88411
9.21205
8.12551
8.52935
8.20145
8.04904
6.96065
9.65024
9.18355
9.54003
8.46246
7.65362
7.56042
7.6383
7.99574
8.10942
9.22686
8.5829
8.73416
7.68684
10.6065
11.9364
8.95446
9.18881
7.19978
10.9462
7.92038
11.3336
7.63421
7.14055
10.1261
7.69782
7.08034
8.34016
9.47842
8.10819
6.83075
8.25057
8.46388
7.40984
8.3227
8.27634
8.01707
7.34116
7.24176
7.33758
7.63421
10.3226
7.42894
8.40114
9.74267
10.1604
10.3856
7.83667
8.5394
8.7606
7.5073
8.52873
8.0234
10.1494
8.97354
10.3145
6.41087
8.39714
8.81856
8.89699
7.33963
6.66965
8.85698
8.3723
8.73487
8.59838
7.97418
9.51354
8.86138
6.73499
7.14055
7.02595
6.9474
9.70609
8.25446
8.93484
9.18306
8.31367
8.60967
7.11061
7.14055
8.02304
7.81298
8.42159
6.87008
8.65672
6.94819
9.04749
6.7962
8.34171
8.67127
7.03434
6.86485
7.43923
8.13384
8.91951
7.5639
7.17871
8.1217
8.93752
8.64565
8.02993
7.49262
7.67407
8.3443
9.12003
8.6894
8.26942
6.89468
7.00303
7.55795
9.4669
7.56844
6.83672
7.12255
6.94501
7.85314
7.04843
7.41067
7.33416
8.02993
7.46418
7.03434
6.93124
7.70806
8.26686
7.22531
6.71216
7.49375
10.2003
8.0056
10.0058
9.8683
7.45493
6.78126
7.2525
8.61329
6.81694
7.125
7.84126
7.24328
7.80844
7.52558
7.44531
6.70257
6.3222
7.50967
7.92296
8.01081
8.81271
7.23127
7.92457
7.84538
8.18955
6.77749
6.78847
9.25127
8.39238
8.84468
8.62193
7.56588
7.94128
7.26457
8.39826
7.29183
8.29559
7.99806
8.41492
9.13608
10.7302
10.0232
9.12304
8.07471
6.91457
9.26567
6.95724
9.25054
8.15755
6.11147
7.55795
8.01213
7.80844
7.13495
7.49718
8.3765
8.47447
7.85419
7.70892
8.32175
7.90831
8.13729
8.08412
8.02304
7.07662
8.07115
8.69407
11.1839
7.09653
7.97498
8.50557
7.37929
7.9408
8.68962
11.1119
7.13706
10.9108
8.96958
8.02304
7.88366
7.2029
7.67407
8.11712
8.9374
8.71889
8.59399
8.54798
10.2516
8.54883
7.74225
9.44902
9.09572
8.08849
8.28628
7.53995
6.63059
9.01266
7.00115
7.03029
7.67123
8.08762
9.0934
7.35572
8.21951
8.59208
8.48071
7.07743
8.04687
8.23021
8.60821
8.80835
10.5727
8.38223
7.25436
7.56647
8.07598
11.0002
8.59525
7.04467
7.88915
7.56243
8.05294
7.20713
10.125
10.4171
9.65764
7.49901
7.49901
9.9231
7.74488
7.31742
8.55809
7.54589
9.46544
10.3108
9.64911
8.57511
7.8604
9.87509
9.8683
8.33253
9.92367
10.7145
6.69263
7.30632
7.10074
6.93076
7.16998
8.64386
7.47804
7.00319
7.81571
6.96888
10.7301
7.45858
7.01101
7.23237
6.86485
6.98259
6.69838
8.17278
9.28759
7.58574
8.80084
7.82682
8.2738
6.92076
7.65365
8.0234
8.40481
7.66034
7.84741
7.11387
7.77298
8.17507
9.29029
9.06325
10.5554
10.3163
10.5554
8.31705
10.1176
10.4121
9.70919
7.47367
9.31241
9.64272
9.84102
10.1437
6.86469
8.66743
9.70919
8.088
9.04204
7.28997
6.7897
8.83951
10.0118
9.31241
8.65597
8.0353
8.68861
10.3037
8.02422
9.29276
7.89106
7.3212
7.59984
10.4356
8.49408
10.1759
9.51002
10.3951
6.76277
9.61218
10.1835
8.58642
9.42415
7.70878
7.38011
11.2057
10.0263
9.55616
9.59061
10.1836
9.44567
9.82957
7.50111
9.48229
9.94526
9.81991
9.04614
10.1456
8.18133
8.48528
8.42699
8.00191
6.93076
7.20425
7.97475
8.10865
7.27228
6.96422
7.89174
8.85517
7.79938
8.10733
7.42225
6.6356
6.78847
8.36896
7.58624
7.47069
7.12881
7.74524
6.75634
7.06588
9.54593
7.26999
8.8588
6.78847
8.30039
7.30353
7.47002
7.73263
7.84777
8.4643
8.38514
7.89489
7.42291
8.49651
9.27205
10.0664
8.97738
9.57472
7.43875
9.8683
8.99123
7.10428
8.66626
6.39289
10.3028
10.171
9.27205
6.98782
8.58344
10.357
8.62478
10.104
10.6563
9.30629
9.27205
8.76653
7.00698
7.7389
8.54748
6.69838
9.2363
7.91275
9.99334
7.14038
6.38376
8.62478
8.96811
9.70548
10.2901
8.00427
7.39027
7.35572
7.58624
7.12881
8.88257
7.90566
8.92783
7.9993
9.00929
7.10433
7.66035
8.14823
9.21917
7.83285
7.94739
8.88177
8.04101
6.50432
8.65715
7.94739
9.24856
9.62069
6.97147
8.97772
7.06163
8.08869
7.72425
7.31742
7.96342
6.88911
7.86369
7.44861
8.56463
8.18863
7.59507
8.46974
7.15767
7.06971
7.44861
7.55644
7.63658
7.73427
8.15874
7.55644
7.14821
9.82009
8.68795
8.72503
7.68094
7.80844
9.14753
7.37267
6.64999
7.02218
6.80129
11.1167
8.06338
6.64918
9.02382
6.82353
8.76413
7.80844
7.37834
9.35
8.4843
9.00619
9.76159
8.73929
8.51859
7.45027
8.55316
7.08435
8.28622
7.3424
8.13829
8.15755
7.31726
8.29411
7.05311
8.58558
8.29411
8.4957
7.2062
7.836
7.01305
8.88838
10.8345
7.33024
8.32502
8.31419
7.79938
9.24856
8.49541
8.37059
7.82497
7.76288
9.69206
7.58025
8.91569
7.6839
7.93592
7.46628
8.44309
7.62055
8.31839
7.24222
7.85571
8.69359
9.83077
8.23791
7.14351
7.921
7.54732
9.01483
7.57666
8.0234
7.3203
6.86469
8.0361
7.39905
7.77104
7.5083
6.9558
7.66455
9.19389
8.28505
8.35193
8.82178
8.38897
8.85168
7.31907
9.45644
9.52473
9.09143
7.03599
6.50036
8.45986
10.1452
8.06594
8.62491
8.73929
7.97135
8.58558
7.90964
8.7348
7.49375
8.16047
7.89586
6.75784
7.94043
9.17704
7.66455
8.93709
8.36197
7.48688
9.11991
8.93672
7.1013
8.14711
7.31033
7.02218
7.89933
7.8664
6.71015
7.95997
6.95724
7.64463
7.23627
7.48554
7.00775
7.23404
7.90404
8.01836
7.02218
7.60677
8.26593
7.11506
8.04087
7.59116
7.33024
8.08747
6.87471
6.83672
8.63698
9.33496
6.67553
6.51426
6.87044
7.90296
6.95805
7.95526
6.5711
7.07749
7.51142
7.049
7.13234
6.76928
8.48547
7.7588
7.76031
6.5925
8.25404
7.2906
7.5957
9.63122
9.59849
7.37663
7.91905
7.0834
7.00552
8.15297
7.61561
6.98293
7.78383
6.95678
7.6013
10.4324
6.89301
9.93087
7.89409
7.51719
8.21368
8.15705
7.24836
9.00729
6.93066
6.9624
7.62611
9.09902
8.52125
7.18427
8.12819
8.41492
7.85727
9.60426
7.99178
8.06937
8.07917
8.03398
8.5808
7.978
8.96933
8.79869
8.40633
8.54084
8.69004
8.57328
7.97883
7.83667
7.08555
9.52072
9.92781
9.43025
10.0897
9.85408
11.0401
8.90975
7.81341
9.209
7.81341
10.1675
10.1117
6.93416
7.54546
9.14999
7.95376
7.11298
9.24721
10.3717
7.87826
6.25964
7.52696
7.65283
8.46642
7.77411
8.04319
7.2937
8.26779
7.22312
8.64242
8.69093
6.50702
8.69524
6.6997
7.66455
7.3347
7.37267
6.61934
8.01105
8.69093
7.18427
8.69093
7.63421
8.38109
9.73903
6.90128
8.69093
8.20997
7.08555
7.54568
6.85599
7.80726
8.01105
7.83667
6.95171
9.97323
7.15311
7.51556
8.05289
6.90138
7.50443
7.58353
8.04223
7.57575
9.12173
7.51894
8.4423
6.02616
5.09234
5.19015
7.89188
6.60557
6.29355
6.79156
4.70817
5.02435
6.09993
6.45777
9.54982
8.22488
5.01723
4.48917
9.94263
8.54058
6.45991
5.78289
7.70444
6.87471
5.86318
6.15632
6.16252
8.69335
7.07257
8.17069
9.86332
7.04048
8.73956
8.15755
7.30927
7.20274
6.81612
7.89134
7.59798
8.4298
7.10426
7.18286
7.95774
7.77101
8.4298
8.07848
7.21389
8.02311
7.41879
6.03885
8.30575
7.89175
7.88477
7.63974
7.69082
4.4197
9.19535
6.96099
8.56543
8.05629
8.28644
6.75634
7.17673
9.29728
8.10865
8.11928
9.37386
9.11189
6.93158
6.69838
7.20178
8.59894
8.26452
7.16286
8.7363
7.98477
7.90663
7.53948
8.45593
8.27594
9.68347
7.92608
8.45693
9.20961
8.55235
7.76717
10.1294
11.352
8.15484
7.95492
9.09849
8.36092
8.24119
7.97792
8.03611
9.72016
8.50978
7.93826
8.56543
8.85496
10.6502
10.4599
9.38471
7.76932
10.2119
7.51216
8.28891
7.87227
7.92713
7.3885
8.26593
8.40808
6.91457
7.02703
9.23703
9.87894
8.67846
8.00098
6.81239
5.88899
7.78624
7.25311
9.86335
10.1233
6.95805
10.1928
8.09901
8.80638
6.8727
9.23627
8.00079
8.01396
8.21689
9.17704
8.61302
8.87588
7.61555
8.43744
8.28622
8.38745
8.95579
7.21205
9.12765
8.49099
9.96715
7.22071
7.28736
10.4332
7.97261
7.90555
7.3351
7.79755
7.14055
7.85508
6.85628
7.4366
9.88345
8.32671
7.33024
9.47442
7.39602
7.50784
6.90456
7.11427
7.44861
7.90915
8.13673
7.66509
7.2139
7.73057
7.64943
7.58378
8.60159
6.84659
7.05569
10.1718
8.28979
6.97479
8.58652
7.0644
6.79492
7.76652
7.80239
7.91895
7.44861
7.97118
8.69524
8.11441
7.5971
8.36643
7.39848
7.70917
8.33816
8.50374
7.44861
7.46033
7.54913
8.24049
7.8035
8.10449
7.00319
8.91577
7.79245
8.4837
8.44021
6.91457
7.64693
7.90122
6.82428
8.74306
7.46088
7.89244
6.29109
7.45291
7.44706
6.75634
7.61466
8.62797
9.01483
9.51875
6.39944
7.978
8.45817
9.99184
7.84201
8.7636
7.53216
10.9189
7.7142
8.69773
8.07812
6.75712
10.6757
6.85504
8.75113
7.87863
7.37822
8.2017
8.97423
8.19053
8.88051
9.27213
8.2017
9.25794
7.95121
7.28849
8.80729
9.62069
8.42655
8.5327
8.00587
6.74411
6.9209
6.54779
7.57648
9.56727
7.79243
6.88298
7.15304
7.42086
7.89244
9.61662
8.87628
7.42894
7.78285
8.79731
8.91899
10.5916
9.93075
8.79278
9.92264
6.82983
7.38712
7.1752
8.083
7.49038
10.1196
10.7854
7.62266
11.0257
9.08994
8.40906
7.43887
9.45938
9.10145
9.41129
9.14713
8.73847
7.57638
9.43527
7.1752
10.7806
8.87456
7.05048
7.61813
7.5868
7.67869
6.64725
6.75413
7.81754
9.31486
7.64885
6.64625
7.64157
8.93066
8.16676
7.72861
7.62214
8.01525
9.72274
6.30136
10.549
10.4423
7.25482
8.56412
6.80451
7.40808
7.02729
8.09631
8.72362
7.12451
7.41978
8.62807
8.22989
7.24189
6.53387
6.60576
7.25952
8.90891
8.87673
8.35043
7.1445
10.048
7.9123
7.30218
6.80451
8.08205
10.7324
9.08408
7.79239
6.80451
9.7709
9.5112
9.12721
8.77226
7.6192
7.6192
9.32993
7.18238
10.83
6.19911
7.6192
7.26285
8.94292
8.87241
10.1844
8.10109
9.90334
7.86945
7.72096
8.55682
8.23854
8.10209
8.7891
7.76924
7.28683
8.64782
7.43887
8.93089
8.64782
7.68099
7.65677
8.53948
6.80451
8.58221
9.34897
8.43166
8.59384
8.54656
8.80212
8.85173
8.62986
7.71505
9.33006
8.54088
6.57854
8.72732
7.01034
9.03249
8.36333
9.10299
7.64935
8.48541
9.1706
7.2031
8.27111
7.37548
8.73275
8.0015
6.73832
7.43887
8.21087
9.98438
8.90618
7.10003
6.85564
7.87513
9.43056
8.21958
8.05291
9.50303
7.43887
7.77734
8.16439
7.19704
8.08261
6.6259
6.70163
6.94473
8.00737
6.47049
7.59101
7.11104
7.3575
9.93532
7.61826
8.93502
6.64386
8.41301
7.39
11.6532
8.42632
8.27222
6.85611
8.42578
7.76071
7.43887
6.64725
6.98748
8.37017
8.61756
9.70232
7.98686
9.34195
6.49527
8.15158
7.43887
8.77553
7.31738
7.59356
6.87386
8.34922
7.38033
6.48833
7.82539
7.26232
6.50944
8.89866
9.88497
7.95488
9.4106
7.40623
7.43887
11.4734
10.2391
8.55706
7.96125
6.67486
7.57638
7.64853
9.34005
9.71748
7.43887
6.57328
8.07193
7.12363
7.27499
7.86997
8.94179
7.43887
8.81992
7.08862
6.5428
6.81004
7.49434
9.86261
7.54471
8.72128
7.82616
8.50359
8.66066
7.68782
7.69751
6.97647
7.43887
8.32309
6.21329
6.69198
6.63834
6.70163
7.6961
8.29108
7.8686
7.68187
8.8445
8.04461
10.1294
7.43997
7.6243
6.70277
8.16024
7.00982
7.88103
7.43887
9.13486
9.21486
7.19424
6.72724
7.12804
7.19828
7.78656
8.97318
7.69393
7.17938
8.67153
7.43887
8.742
6.4928
8.03481
10.2463
9.12065
8.97172
9.8775
7.75453
7.03757
7.75247
7.63024
7.84833
7.07408
7.58707
7.94331
7.84833
7.96383
7.14329
7.84833
7.06933
7.61778
10.5379
8.10581
7.30292
7.84833
6.85207
10.3076
7.17538
7.43887
10.8196
7.03757
7.46102
6.64202
7.43887
6.93236
7.58147
7.21862
8.42354
7.9264
8.00946
6.91674
8.69467
7.43887
7.5979
8.45406
6.45459
6.70302
7.35801
7.97227
7.22496
7.30336
7.22135
7.47852
7.35801
7.25955
10.6316
8.66
7.35801
10.0122
7.00024
9.58502
10.6225
7.35801
7.24509
7.35801
7.26232
7.71421
6.70555
6.87249
7.35801
7.6192
8.83558
8.74823
8.76615
7.23018
8.19243
7.82541
9.32461
7.35473
9.80392
7.65222
9.38258
7.35801
7.65222
8.76615
7.35801
7.1651
7.35801
9.04178
6.45109
8.50669
7.35801
7.35801
7.35801
7.35801
7.53025
6.83296
7.17046
7.35801
7.92582
9.91018
7.53025
8.78289
7.35801
7.06709
8.45406
8.47816
7.35801
6.50944
7.35801
6.77322
7.35801
7.70368
7.35801
7.25079
7.35801
7.80937
8.13491
8.45406
7.35801
8.46681
7.49951
7.35801
9.31891
8.74823
7.31589
7.35801
7.35801
9.14002
6.52019
8.45406
6.7268
7.35801
7.35801
7.89154
8.03536
7.35801
7.35801
7.18284
7.35801
7.35801
7.30292
7.35801
7.06933
7.68549
7.35801
6.49258
9.40317
7.4194
7.35801
7.07279
7.35801
8.18664
7.30781
7.60616
7.35801
7.35801
7.35801
7.58707
6.5939
10.0053
9.34444
7.17538
7.19069
8.77621
7.35801
7.35801
8.80935
7.35801
7.03757
7.89239
7.35801
7.03757
8.07889
7.35801
8.38085
7.35801
7.35801
7.35801
10.2509
7.35801
7.43887
7.35801
7.35801
7.9232
7.35801
7.35801
9.5502
7.35801
7.35801
7.35801
7.55065
9.39666
8.41914
7.49708
7.35801
7.35801
8.44467
8.71362
7.79699
7.35801
8.65138
7.47852
7.35801
8.74823
8.43509
7.18576
8.21131
7.35801
7.35801
7.35801
7.35801
7.6192
7.35801
8.74823
7.1495
7.82541
8.19243
7.35801
9.80392
7.35801
7.65222
7.65222
6.71996
7.35801
6.52774
7.35801
9.35461
9.72794
9.15078
7.35801
6.46794
7.81065
7.35801
8.19243
7.35801
7.19704
8.74823
7.35801
7.0306
8.61046
7.82541
7.35801
7.64701
6.99677
7.65222
7.64701
9.62552
8.12296
7.35801
7.82541
7.64701
6.80451
7.64701
9.80392
7.6192
7.35801
7.06613
7.64701
7.35801
8.13477
7.35801
9.7709
9.57495
7.35801
7.35801
7.6192
7.06613
7.35801
7.35801
7.35801
7.35801
6.51263
7.55836
6.80451
7.09932
7.35801
7.35801
7.68033
7.55836
7.24112
7.35801
6.92434
7.35801
7.06613
7.35801
8.19243
7.35801
7.24828
7.35801
8.65359
7.3285
7.65222
8.74823
7.35801
7.35801
9.6042
8.58432
6.52837
7.35801
7.35801
8.93821
6.88751
6.72069
7.35801
7.06613
7.00029
8.10919
7.66098
9.15675
7.35801
9.76394
7.35801
10.8832
11.2124
7.35272
7.35801
8.91816
7.35801
8.89033
7.06613
7.35801
7.35801
7.35801
7.6192
7.35801
8.97258
7.06613
7.35801
7.2031
7.47396
7.35801
7.35801
8.89001
7.34915
7.35801
7.23413
6.67919
7.35801
10.8492
8.85013
7.61188
7.35801
7.35801
7.35801
7.34022
7.35801
8.74823
7.99019
8.10925
6.59684
7.43887
8.50125
7.43887
7.43887
7.35801
8.87408
7.35801
7.35801
7.59955
7.35801
7.8757
7.43887
7.35801
7.35801
9.22409
7.43887
7.35801
7.35801
7.60072
9.36618
7.35801
7.7972
7.43887
7.35801
11.2539
7.35801
7.35801
6.45143
7.35801
7.43887
7.35801
7.35801
7.43887
7.35801
7.35801
7.43887
7.43887
7.35801
7.50692
9.0714
7.35801
7.35801
7.43887
7.6192
7.35801
10.3722
7.6192
7.75854
7.43887
7.6192
7.35801
7.63896
7.48909
7.61004
7.45003
7.35801
7.74838
7.82541
7.74838
9.80392
8.19243
8.92572
7.35801
8.74823
8.91274
7.43887
9.67754
9.34996
9.67754
7.43887
9.67754
9.67754
7.32099
7.43887
7.43887
4.33671
8.17064
9.14256
7.19958
4.94227
6.93099
6.91389
8.22386
8.1766
8.35001
7.43887
7.72031
7.29868
7.32567
8.43316
7.36857
8.22598
8.02511
6.98166
7.82408
7.85711
10.3586
8.88216
7.94694
6.73863
10.1579
9.38713
7.43887
8.5249
7.43887
8.06468
7.43887
7.87007
7.00823
6.8335
7.23766
7.83608
7.43887
7.43887
6.89677
6.831
7.43887
8.69373
7.43887
7.59181
8.10695
7.43887
9.25612
7.43887
7.04851
10.6757
7.43887
8.89033
8.08527
7.43887
7.43887
7.91495
8.6107
7.43887
10.3702
7.99073
7.27753
7.43887
7.72511
6.68021
6.80943
8.52163
7.43887
6.44315
8.17958
7.04851
7.43887
9.28754
6.63453
7.43887
7.58739
7.72423
8.16108
7.43887
8.31613
6.92498
7.43887
7.43887
9.42759
7.43887
7.43887
7.43209
8.28392
7.43887
6.99102
8.96687
7.43887
8.29135
7.43887
6.93308
7.43887
8.59237
9.04154
7.91495
7.08652
6.93308
7.43887
8.34917
6.42083
8.03773
8.05483
9.66572
9.83894
9.80464
7.75525
6.8211
7.43887
7.31452
8.17517
6.52774
7.28759
10.4593
7.13571
8.175
7.43887
6.86684
8.05106
7.90752
8.14198
8.11594
9.00985
7.13571
7.13571
7.80178
6.85611
8.38941
7.43887
9.14493
7.08652
6.84849
10.962
7.43887
8.4226
7.43887
8.71655
7.95356
7.24503
7.83029
7.43887
7.1959
6.8583
7.43887
6.82157
7.43887
7.43887
7.43887
7.43887
7.66959
7.43887
7.07338
7.43887
8.5075
8.45707
7.43887
7.43887
7.28822
8.76066
9.46908
7.43887
8.22818
7.43887
7.31241
5.8896
9.06656
10.0809
7.43887
7.43887
7.43887
7.43887
7.23973
7.43887
7.43887
8.16633
7.43887
7.43887
7.43887
6.68459
7.43887
7.74145
7.40989
7.43887
7.27277
6.86605
7.64016
7.43887
6.92081
7.08862
7.0164
7.43887
6.84731
7.43887
9.13361
7.35853
7.43887
7.08028
7.88486
7.70526
7.92109
7.69004
7.43887
7.43887
7.69004
7.34502
7.69004
7.55877
7.43887
8.30727
7.43887
8.34684
6.9689
6.87204
7.74232
8.1389
9.32848
7.43887
9.98244
6.86248
7.74199
7.43887
7.43887
6.97994
10.5115
7.43887
7.43887
7.43887
7.10904
8.10884
7.43887
7.06611
8.81729
8.76897
9.06085
7.43887
8.94099
6.47876
8.81729
9.71984
8.24633
7.43887
7.43887
7.43887
7.43887
7.43887
8.65695
7.87028
7.55458
8.22462
7.07252
8.78883
7.99641
7.88502
7.90958
7.8317
9.15012
8.09147
7.43887
7.8317
7.43887
9.23925
7.43887
7.54332
7.09518
7.43887
8.2347
7.22496
7.43887
7.43887
7.63294
7.43887
10.5855
6.68459
7.43887
6.97647
6.93351
7.07047
6.36765
7.58707
8.33202
7.43887
8.35061
6.5428
7.43887
7.43887
8.04765
6.84731
8.64501
7.91264
7.43887
8.10992
7.17538
7.07279
7.43887
7.03757
8.30025
7.43887
8.08623
9.24733
7.43887
7.81494
9.62027
7.76577
10.616
7.43887
7.43887
7.43887
7.59764
7.43887
6.9217
7.69813
6.99745
9.45851
8.10044
7.91005
7.90919
8.19935
9.69101
7.87508
7.33471
9.56742
8.20841
7.04816
7.1944
9.71531
6.63639
8.4673
7.96385
8.37519
6.94784
7.20706
7.954
8.44888
7.69443
7.32971
8.1504
9.58219
8.62026
7.48843
6.91114
8.52347
7.34042
6.41374
6.60692
6.50146
8.41321
6.3837
6.43123
7.34004
7.35099
7.08624
7.56799
5.85945
6.35164
6.19062
6.56123
5.95223
6.30034
5.61271
7.53071
7.47469
6.86002
6.8161
5.61271
6.70647
7.19333
7.75391
6.93131
7.33105
5.91059
6.99985
6.56814
7.35874
7.37216
6.70647
6.37894
11.1796
6.79746
6.79688
6.70647
6.97221
6.53592
6.35446
7.36205
6.51728
7.84168
7.19934
5.14358
4.02797
4.02797
9.31032
4.02797
4.02797
6.37449
4.02797
4.02797
5.33162
4.02797
6.99844
6.57711
7.92153
9.23361
8.72687
6.64438
6.91198
7.03698
6.732
6.51882
7.51999
5.68353
7.20529
9.64698
5.71674
6.67845
6.33571
7.22442
7.8405
7.6302
5.47192
7.9346
7.37216
6.52685
6.47008
7.27926
6.46606
7.5878
7.57998
6.47008
7.3305
7.08028
6.32104
7.00838
5.42598
6.86033
7.46623
6.14998
7.45004
7.25889
6.84876
6.36819
7.25627
5.26585
7.05295
7.14523
8.1336
6.96634
7.88604
6.33554
6.20048
5.03823
5.16095
9.03946
7.60088
6.44503
6.6582
6.58425
7.30408
6.35931
6.01236
7.1153
6.53985
5.60677
7.71672
8.23575
7.54194
7.65033
6.14219
7.82222
7.70055
8.20878
6.4531
6.68171
8.37289
7.64897
8.49702
6.0447
5.67242
8.23512
6.18626
7.34004
6.77759
7.19413
7.74355
7.48999
6.27344
8.32138
7.44549
6.04049
6.80903
7.70644
9.10018
7.88579
10.8262
8.46152
8.68272
6.57922
5.25302
7.48399
6.0693
7.85202
6.39951
6.93293
7.21659
6.93293
7.77487
6.79459
6.9602
6.93293
7.51666
5.6394
7.60088
6.93293
6.93293
6.81151
6.93293
6.93293
6.93293
6.7054
7.17113
7.82447
10.1964
7.36335
7.62179
7.65523
7.65568
5.04718
8.58032
6.87033
7.02388
6.39902
6.04031
7.13047
7.53975
6.61613
6.76512
7.05792
7.61185
7.12421
7.29787
6.42877
6.6863
6.66342
9.21578
7.0655
8.35169
6.79155
7.73481
7.21798
7.27166
7.09516
6.39984
7.5814
5.91901
8.24494
6.0725
7.69838
5.9297
7.19413
7.06043
6.70126
10.229
7.42602
6.94364
7.63629
7.36093
8.03563
7.81849
8.0333
7.22784
6.86338
7.63629
7.6801
7.62179
6.81268
7.63629
8.17209
5.99807
8.9192
7.93297
6.7089
6.37162
9.06872
6.84002
7.44132
6.37122
6.70151
9.34028
7.67581
5.8496
6.55959
7.53017
9.39058
9.21113
6.90686
7.28455
10.4808
6.93293
7.28526
6.79459
8.44037
6.38754
8.95109
7.76012
7.18074
9.20142
7.38714
6.7054
6.14047
6.22513
7.07908
5.84016
6.33337
5.80225
6.8329
6.98891
5.47297
7.29817
6.31821
6.66305
5.77576
6.09055
6.86685
5.62437
6.70475
6.46576
5.33636
6.86685
6.20494
8.22268
8.37359
7.51902
5.83949
6.62336
5.746
7.28868
5.47297
7.7802
5.87258
6.93327
6.50971
7.43944
5.64838
7.66999
4.93029
5.64838
6.14308
7.0586
6.39043
6.22163
7.75412
6.99784
8.70657
6.96707
7.26571
9.12273
5.79562
7.03801
7.26246
7.49248
7.04902
7.39995
7.17212
6.59084
6.54687
5.0943
6.63934
5.47297
7.76188
9.20142
6.7411
6.31505
5.64838
6.9302
7.24908
5.96619
6.14308
7.11477
9.51351
5.599
6.39043
6.3581
7.75001
7.19413
7.60902
6.29291
7.14525
6.51364
6.06642
6.59465
6.66428
7.05463
5.8018
5.89231
8.20089
7.44791
6.70168
5.08389
6.55319
6.87033
6.2705
6.30209
7.73103
4.83873
7.79769
7.19413
6.30018
7.41382
6.10825
5.40736
7.44596
6.6644
9.77503
4.83873
6.64594
5.26049
7.93095
5.47297
6.99638
6.73656
6.77601
5.79654
5.55237
7.69861
6.58847
6.01014
6.44778
8.09325
8.68834
5.96164
6.63334
5.07015
6.99311
4.83873
6.93954
6.80048
9.73621
5.58303
8.54757
5.13061
5.76865
6.08067
5.70837
7.17113
6.31209
6.66751
5.96619
6.56453
6.71807
7.64576
7.76012
5.81668
7.5658
5.81668
5.81668
5.67835
4.84233
5.67835
7.00584
5.59597
5.6932
7.70212
6.63129
5.64397
5.53186
6.07841
5.11882
6.75204
5.18673
5.80419
6.57326
7.48325
4.78565
4.78565
7.06043
7.54221
5.98166
4.78565
4.78565
4.78565
5.06525
5.18673
4.78565
5.95159
6.59091
6.25504
5.80683
4.78565
6.07841
7.74071
6.91606
5.59675
5.9868
4.98723
7.22923
6.36604
6.65994
7.76012
8.28107
7.33003
6.56706
6.96593
5.7124
6.25453
6.86385
7.20662
5.55218
7.42917
5.81328
8.20867
7.49533
10.8346
5.57089
5.63886
8.60177
6.16928
8.02415
7.35404
7.01931
6.61948
6.44488
4.69832
6.45964
6.30746
6.16776
8.06304
6.51755
7.08514
7.02981
6.15805
5.26049
6.69314
5.83074
8.08293
7.19413
5.23818
6.41288
6.94797
6.87431
6.31275
6.94797
6.94797
6.94797
5.44457
5.67481
6.45746
5.92843
6.45746
6.41288
6.4525
6.20262
6.55205
6.51755
6.27605
7.13334
6.47542
7.80661
7.81854
7.18683
6.36265
6.95767
6.98559
6.61948
4.91342
8.50261
9.08647
6.90736
6.26475
7.67634
6.95134
6.35781
7.79409
7.61744
7.97181
7.58446
5.24239
5.49182
6.42174
6.42174
7.25929
6.81257
6.99031
7.21762
6.42174
8.23942
8.34111
5.69102
7.18501
7.74991
6.73376
6.57482
7.21762
7.6208
6.70114
5.24239
7.21762
5.85861
7.57092
6.63742
7.5543
7.46461
8.57747
6.24295
7.03419
7.21762
7.62679
7.69875
8.01077
6.39043
7.22391
8.64701
6.7589
7.53147
8.77733
5.49182
7.21762
7.97223
6.48311
5.24239
8.34014
7.21762
7.3938
9.3631
7.34938
7.21762
6.98075
7.66744
6.73376
6.42988
6.41897
9.15894
6.73376
6.7872
5.49182
7.25498
7.01334
7.57082
7.10056
8.37241
7.46461
8.01077
7.01019
6.69314
7.68779
8.64999
7.01334
9.29138
5.8213
6.40817
6.75122
7.95736
7.66744
7.41198
7.65974
8.05111
6.90977
7.10905
6.65731
7.21762
6.46119
5.90099
6.70114
8.73788
5.53127
7.93277
6.83574
7.22391
6.79021
7.39793
6.20456
6.20025
6.2572
8.69505
5.16736
5.89088
6.00306
8.5025
6.16903
5.91833
6.367
6.64612
6.94977
6.32133
7.83686
7.11157
7.87211
7.23959
5.26806
6.68947
4.77494
4.03064
6.7352
4.03064
4.77494
7.16594
5.81835
6.42599
5.7286
7.65756
5.91833
6.2944
6.66342
7.16435
7.86395
5.86473
7.65756
7.36312
6.00306
6.04425
8.69876
7.14128
7.26467
7.20321
5.47297
5.37745
7.40376
7.3464
5.74807
6.38122
6.80744
6.97234
7.84296
6.95429
8.26037
6.33613
5.72839
6.0234
6.75169
6.52414
6.7149
7.62892
7.49592
7.19147
5.54857
7.79791
5.64055
5.176
6.75028
6.08488
8.19731
6.21346
5.76561
5.88317
7.06313
6.43123
6.33851
5.88317
6.88513
5.27754
5.62349
5.49206
5.62659
5.34699
5.76183
6.23717
6.13842
7.18079
6.32869
5.87968
7.55484
7.82307
6.62492
7.57364
5.5181
8.0248
6.95013
5.53677
7.23658
7.57364
5.5685
7.09488
6.75028
5.5685
8.02465
8.0248
5.82316
6.43199
5.5685
6.57046
6.62492
8.02465
7.6802
6.04838
5.66846
7.39426
5.65643
8.16636
5.48056
6.11859
5.84045
6.86978
6.92456
5.8561
5.93713
5.9515
7.76637
5.57649
5.57649
6.5576
5.57649
5.93713
7.08514
7.03625
8.28871
6.59962
6.69379
6.54357
6.94387
6.92179
4.47287
4.96612
6.59242
4.47287
7.02946
5.88191
6.0811
6.66166
6.32133
7.05636
4.95016
6.58637
6.15322
5.95413
6.40722
6.40722
4.47287
4.55075
5.00498
7.09435
5.89603
5.31319
5.28241
6.51566
6.26959
4.19895
9.44501
5.81828
6.4908
6.9163
5.53099
6.062
6.73157
5.80539
5.83964
6.03238
5.55843
6.66342
7.44674
6.07539
6.94491
5.5521
5.5778
6.14634
5.47297
5.94852
6.12459
7.08794
5.16095
6.15601
9.20158
7.94339
10.5681
7.76665
7.02074
7.07121
8.63367
7.22595
7.52859
7.36536
7.98107
6.24611
7.43727
6.31132
7.25199
7.61294
8.8153
8.1388
6.29196
6.85358
6.5592
5.75847
7.49051
6.54398
6.81799
8.81799
5.61237
7.60777
5.96619
5.30121
6.58768
7.13478
6.8329
7.31107
6.4997
7.23387
5.95387
7.38446
6.24551
7.2024
7.96693
5.58563
7.14613
5.86473
7.56108
7.93816
6.51188
5.81328
8.51713
5.59745
6.89628
6.32777
5.79269
6.15067
7.36093
6.38889
6.5216
6.73801
6.25504
6.17817
6.39043
7.90235
8.67454
10.0573
7.49723
5.65307
6.39272
6.7051
6.56631
6.21912
6.7051
6.62286
5.71209
6.57382
6.60574
5.71209
6.43079
6.50515
6.81421
6.83783
7.06373
6.39287
6.81421
10.2577
5.97978
6.25275
6.21258
4.97039
6.67118
6.75645
6.52447
7.61367
6.81421
4.97039
8.06582
6.24984
7.44742
5.33591
7.19006
6.51755
6.36494
5.39454
7.68337
5.57089
7.61862
6.96815
8.05916
7.09718
5.78879
6.52092
10.0069
7.36138
6.57135
6.3901
8.03678
6.27026
6.59795
8.4149
6.74416
7.4162
6.25097
7.17212
5.95091
5.81257
7.90996
9.62441
5.38757
5.56548
4.29113
6.83954
5.47297
4.50585
6.83951
6.00302
5.76141
5.79269
8.44468
7.08139
6.08067
5.67432
5.8434
5.13162
4.43301
6.17391
7.50862
7.21616
5.96406
7.30911
5.21325
6.14502
5.53186
7.32178
5.24084
7.36635
5.4764
5.55658
7.66771
7.36148
11.3783
9.58822
9.21339
10.216
7.80879
7.11959
10.6899
7.03053
7.36327
9.25717
7.52637
7.80987
9.25644
7.61857
9.15923
8.65667
6.28124
7.74928
7.21145
7.13225
7.38684
6.33797
7.13185
8.26053
9.03665
7.49078
7.82682
7.30554
7.50658
7.25653
7.1344
8.00708
7.54626
7.64671
7.19328
8.16663
7.3087
7.50596
8.27757
7.23496
7.01191
7.99612
7.74095
8.62164
7.78443
7.46863
7.54945
7.11742
8.15021
7.88784
8.77507
9.19741
6.95047
7.42144
6.9125
8.10237
6.95669
7.50333
7.83248
7.33231
8.38623
10.446
7.19119
6.93011
6.78869
11.7333
7.85205
9.17783
7.04166
8.88942
7.79634
8.62337
8.11526
9.86128
7.89104
7.15261
7.0606
7.3072
7.4027
7.42784
11.2976
6.61461
7.62257
5.97155
7.7588
8.11492
7.16949
6.99817
7.11959
7.88211
9.0545
7.85205
6.80756
7.43292
5.51133
5.03902
6.39918
7.18286
7.36967
6.78075
7.38335
8.31019
8.43265
5.59816
6.97463
7.1209
8.84589
7.01611
6.45913
6.90593
7.46525
11.5366
7.57886
7.0617
7.50253
7.71508
6.45775
7.56662
7.19277
7.15261
8.20721
7.19206
7.22051
6.7112
7.14563
6.86211
7.78659
7.44495
7.04302
8.79181
7.32371
6.87277
7.28673
7.60364
7.13142
7.91161
7.96114
8.19299
7.61278
7.53968
7.61166
7.96221
9.78024
7.54122
6.78841
7.24745
7.83235
10.0413
8.80648
7.13127
8.36401
9.61919
7.08119
8.53349
6.46245
7.01519
8.64214
9.86972
8.76348
7.58441
8.41229
9.05428
8.75164
5.56126
8.85759
7.98375
9.57701
6.52153
8.00285
9.16611
9.52244
7.01463
6.70164
7.68125
7.20914
10.4331
8.16691
7.48554
6.79456
6.9132
7.60858
6.84499
6.95078
6.73724
7.81312
7.23344
8.51926
6.78841
7.24007
7.06955
7.85448
7.09607
8.68581
6.84882
7.06293
7.77735
7.90244
6.99144
7.13185
8.04473
7.48379
7.01905
7.31017
7.60753
7.56499
7.43359
6.19157
7.15193
7.70222
8.82051
7.60814
8.77779
6.68875
8.23434
7.57929
7.01196
7.5468
7.5468
9.82127
8.22015
6.91465
6.95047
7.87368
8.65838
7.77391
8.35689
7.16768
8.56404
7.98511
7.88693
7.87827
8.35936
6.84357
7.39272
6.73919
7.65992
8.31909
7.51691
7.29847
7.01599
7.45104
6.64103
6.64103
8.59199
7.2089
9.62925
7.40415
6.55482
6.87752
7.49167
6.5856
7.08293
6.2797
6.99204
6.69615
7.23514
7.42245
7.30978
7.90684
7.1988
8.97031
7.13874
7.52965
8.49008
7.1517
6.78841
7.09392
7.84909
7.37811
7.46143
7.69481
7.11959
7.18393
7.6802
6.74003
7.02367
7.54349
7.68465
8.31047
6.99204
6.74003
7.74551
7.86058
7.31658
7.72784
7.10237
7.57551
6.01694
7.77214
6.82806
7.16992
7.12662
8.70542
7.44781
7.82429
6.18038
7.11959
7.47081
7.32371
7.32371
6.86808
7.45077
7.54438
7.69838
6.22519
7.02221
6.61968
7.45077
6.96657
8.46354
6.08646
7.01169
9.52717
7.13874
7.61053
7.19976
7.74887
7.48979
8.04242
7.70691
7.15002
6.41145
6.97149
7.24494
6.27157
6.25807
7.11959
7.96293
7.01024
7.77464
7.54183
7.43718
6.68006
6.83826
7.00753
7.97237
7.11959
6.16238
7.16054
6.64898
7.83592
6.78318
7.30757
6.25108
8.98949
6.68289
8.06761
6.63125
6.8581
8.05781
6.80909
8.04602
6.64434
8.04697
8.15593
7.22982
7.03607
7.69066
6.91424
7.85688
7.18116
6.48523
8.07693
7.97607
6.70906
7.88412
6.66306
7.46205
6.83757
7.24218
6.96361
8.14324
6.64999
6.98232
8.05177
7.13627
7.34534
7.26133
7.32513
7.47447
7.91356
7.68994
7.24218
8.36867
8.35958
6.9854
6.39918
7.76848
8.07801
8.85756
6.66845
7.929
9.45693
7.09509
6.42483
8.97795
7.52805
8.71368
6.74834
9.17024
8.28065
9.17928
7.06579
7.00502
9.14626
6.83228
6.0005
7.85808
9.72401
9.14626
8.05296
7.17929
7.36949
9.61405
7.64925
7.41486
7.02663
6.44951
6.62879
7.05861
7.16906
6.57104
7.40581
7.5911
7.89762
7.18977
7.86739
9.44312
7.24785
8.42778
8.7489
8.95423
8.02818
9.10946
9.30392
7.79986
7.84801
8.25302
7.60871
7.00657
8.39623
9.45585
7.18219
8.93126
6.27576
6.64577
7.40715
8.14071
7.38247
7.10036
6.47558
6.67712
6.47558
7.88466
6.71001
6.74825
6.67712
5.83526
9.02465
8.18268
6.47558
8.04907
6.47558
6.47558
6.47558
7.43078
6.47558
8.52405
7.20219
7.15137
7.08427
8.34772
7.31859
7.07353
7.49865
8.25253
10.1138
7.9024
6.18226
6.82342
7.43136
10.1763
7.0617
6.66521
7.42904
6.46592
7.52352
6.24895
6.92755
7.0617
8.21627
7.13878
9.36878
5.74062
7.42208
7.62243
6.91909
6.47311
6.42854
7.08225
6.63012
7.85546
7.65387
7.20512
7.21352
8.66592
7.35186
6.98284
7.08225
6.86151
7.0617
6.70474
7.01124
7.0617
7.81751
7.0617
7.12211
7.36273
7.12211
7.20819
8.43388
6.91909
7.0617
7.0617
6.78075
6.28914
7.21352
7.35186
7.3994
7.87481
8.18508
7.0617
7.35943
7.0617
6.88478
7.85546
7.04325
7.0617
7.11959
8.6578
8.0984
7.80619
6.23339
6.87564
7.1398
7.0617
6.93043
7.00951
7.01124
7.87821
7.0617
7.0617
7.52361
7.16236
7.0617
7.0617
7.0617
7.4812
7.40802
7.45276
6.41545
7.98062
6.65055
8.07206
8.43731
6.96954
7.21682
8.47264
6.96954
8.20989
5.25709
7.10986
6.70906
7.05366
8.53455
7.61359
7.32297
6.25406
6.60989
8.15661
7.00288
7.07733
5.25709
8.15661
6.80065
6.89925
6.98028
7.0617
7.0617
7.53403
6.4929
6.76116
7.78549
7.9488
7.8421
7.90174
7.87325
7.61682
8.10171
9.00791
6.79526
7.31173
6.55252
8.81188
8.41712
6.95102
9.46025
9.67941
9.34034
8.31579
8.23083
7.9394
7.17001
8.14932
9.11726
7.60524
6.25993
6.89054
8.18017
7.96381
8.28666
8.41201
8.26527
8.09832
6.51059
9.25838
7.72541
7.93049
8.26713
6.39616
7.11959
7.19512
5.81677
7.75143
7.93049
8.8744
6.51059
7.26788
7.09963
7.28487
6.80756
7.61682
6.22064
6.61535
7.57902
8.24133
9.29838
6.61351
7.7305
8.03158
7.71044
7.00458
7.13596
6.78069
7.23985
7.65039
8.65832
7.51521
7.11959
7.25313
7.31171
6.99092
8.45726
7.13185
7.58568
8.36284
8.7618
7.01804
6.83498
7.02283
8.21931
7.54684
8.80777
7.6851
8.6405
7.28208
7.30934
7.45932
6.84669
7.87529
6.76881
7.97553
7.86739
9.18433
8.09109
6.932
6.6985
6.79692
7.03607
7.18714
8.49055
7.65928
7.55376
8.09728
8.49429
8.39143
7.70398
7.97155
7.86195
6.43158
7.51448
7.59832
7.74563
6.96072
8.20372
7.34507
7.04306
6.45322
8.05664
7.96742
7.06293
9.33807
6.83291
7.04306
8.43232
6.80642
5.58704
7.04306
7.04306
7.04306
7.12476
6.47639
6.88862
7.87556
6.68372
7.93162
6.84701
7.08964
8.18923
7.28314
7.37559
7.31037
7.11436
6.60801
6.9648
8.06304
6.74164
8.2168
6.3845
6.16517
8.14092
7.2434
6.08826
8.85275
7.7719
7.05536
7.45533
7.8464
6.28624
8.68446
7.4125
6.53469
7.06772
8.64972
7.50577
7.03109
7.75622
6.80307
6.53469
6.72935
6.87752
7.05508
6.58513
8.46602
6.58513
8.857
6.57036
6.79456
7.30414
6.84499
8.17157
7.04955
8.5209
5.59138
6.51027
8.07515
7.28314
8.17451
7.87827
6.39365
6.37118
8.72551
6.80307
7.10456
6.84499
7.65631
5.91875
7.06293
6.41145
6.79456
7.37723
6.48988
7.24494
7.75184
8.02231
9.29493
7.36357
8.79408
6.9213
7.24493
7.36602
8.34986
8.50406
10.4008
10.2122
7.33698
9.74559
10.2745
7.95871
7.1937
9.27822
6.91027
8.26654
8.00979
8.15789
8.33572
8.47122
7.61093
8.15789
7.09882
8.03477
8.15789
8.44159
8.15789
8.44438
7.87086
7.42543
7.99049
7.77021
8.71396
7.21875
8.2342
8.54897
6.60705
7.86029
8.72168
7.7267
7.69797
9.10121
7.92131
8.82078
6.08149
7.25575
7.53103
8.79894
9.1372
7.2537
7.78732
7.33698
9.74545
8.11835
7.86633
7.22964
8.40314
7.56392
7.15002
6.93899
7.02217
7.02217
7.15345
7.1607
8.27709
8.29372
6.90636
7.79859
6.90636
7.2699
6.90636
7.65066
6.28599
7.04302
7.48002
6.39766
8.17566
8.60706
7.51691
7.90982
7.51691
7.96906
7.88985
7.65243
7.94968
7.89118
7.77391
7.65992
9.0418
7.46656
8.11738
7.04696
7.65992
7.47529
7.62552
10.1349
7.87335
8.40086
8.66512
8.40086
7.51691
7.96568
7.65992
7.06239
7.53323
6.63906
6.66824
5.97601
6.22843
6.51165
7.69295
5.12542
7.49268
6.10878
6.40281
7.84921
7.02309
6.9466
6.37673
6.84669
6.84669
6.24024
6.55457
6.17515
7.52363
6.64486
6.64486
7.14818
6.6451
6.68006
7.07787
6.95713
6.17515
6.17515
6.17515
7.31125
6.64486
6.89917
6.17515
6.17515
7.31125
6.6451
6.46702
6.89536
6.46702
6.95688
5.51827
6.84669
6.6451
6.17515
6.3005
6.89536
6.64486
6.35298
8.34852
8.1384
6.5419
7.42336
6.79105
8.53429
7.93726
6.96564
7.89251
7.62083
9.45428
6.99264
6.73508
5.97151
7.8471
6.74208
7.95077
7.22135
8.46373
8.28666
7.86058
6.64999
6.58672
6.96903
7.22061
7.0121
7.80874
7.44235
8.2957
7.64259
7.2556
6.85197
7.94789
7.83701
7.41165
7.03665
8.48117
7.0327
8.94309
9.49013
6.47558
7.52352
9.25529
6.61094
7.54595
8.14374
6.80803
6.86307
8.83542
8.55569
6.4736
8.40131
10.952
8.18252
8.59121
9.72502
8.9431
9.2845
12.7819
8.1774
9.82269
6.76318
9.55844
9.7332
9.76025
10.5316
8.94867
7.89357
8.58372
7.33997
6.956
9.87418
5.81891
6.56009
7.75414
7.41265
6.29674
7.56577
8.78016
7.99973
8.79125
6.57277
7.47758
8.42171
8.29034
8.84127
7.71078
7.14478
9.91025
8.19858
9.17752
6.84663
9.13139
7.09178
10.2581
8.55262
8.81571
8.8868
8.9298
8.01253
7.34421
6.56281
7.34481
7.61241
5.89205
10.0117
6.66471
10.1426
7.28311
6.19872
7.37745
8.70299
7.3757
6.45628
8.22126
8.04038
7.87301
8.81571
8.54312
10.1356
7.69255
6.83429
8.41092
8.78591
9.38488
9.43899
8.63595
8.78616
6.95097
8.56502
7.44684
9.12305
8.19355
8.51346
9.84703
7.72206
10.2531
6.71111
8.17155
8.63411
8.64029
7.67512
5.09066
9.73106
8.51365
8.03359
6.81573
10.5868
8.17612
8.95677
8.6166
9.44582
8.89754
6.80208
9.95822
9.94478
7.76357
9.37769
8.56164
5.09066
7.0068
7.10576
7.4515
7.31852
4.71442
6.39943
5.37026
5.94452
9.67347
10.1821
7.5005
6.70502
8.02295
8.16807
9.4752
7.63052
9.20208
7.6755
7.78153
8.04445
8.5073
8.95439
8.75691
11.2516
7.40163
7.82334
10.3507
7.65411
7.48562
8.97551
9.03265
10.3233
9.30528
9.44526
8.58189
8.80857
7.51514
9.14764
9.14452
6.83499
8.68025
7.55102
8.50584
9.57154
6.58442
9.41602
7.48895
9.06149
9.52485
6.23873
7.07861
7.31666
8.30984
9.55171
9.14452
6.82298
5.68542
9.26186
7.8868
10.0346
9.9377
8.76152
9.16072
9.55346
7.88221
8.05477
10.168
9.8202
9.8224
8.23207
8.8914
7.88695
9.63424
8.21148
8.31087
8.3448
8.90771
7.44799
8.24434
7.77782
5.33204
6.11339
9.60477
6.69084
7.80342
8.4737
7.60183
6.22161
8.10151
6.74413
7.29779
6.55585
7.57862
6.50069
6.11339
6.11339
6.11339
6.41156
6.38935
6.72362
8.87105
6.42732
7.08658
6.03131
6.42732
6.42732
9.9139
6.61341
8.50251
6.59968
6.15083
8.42694
6.42732
6.50069
6.83137
6.50069
6.42732
6.63043
6.42732
7.66294
6.50305
6.42465
6.66471
8.60063
9.005
9.94117
8.19262
7.95243
7.1471
6.65488
7.54892
9.51673
7.85945
7.97595
7.8806
7.54067
7.25776
8.89813
6.51821
9.06211
6.84057
7.2706
7.05614
8.56121
7.11219
7.8238
8.44111
8.04698
9.24406
6.5334
7.61207
7.3519
8.36307
10.6757
8.77173
9.79144
8.68195
8.68195
8.77173
8.32875
7.00178
7.22415
7.74956
8.46958
6.04403
9.03439
9.38893
7.0871
6.72217
6.86344
8.16726
6.99548
8.23121
8.09226
6.16491
6.95208
8.45062
7.56415
8.83543
9.5222
8.14478
10.9482
7.56415
8.88853
7.45143
6.88155
6.83304
8.5953
7.50325
7.60992
10.6566
7.8115
8.20736
7.8033
8.33935
6.60876
7.79042
8.40432
7.102
8.57713
9.87733
8.65312
8.8344
6.53835
8.55973
7.23867
8.15503
7.19526
6.66511
6.26972
6.35309
6.25911
6.72655
5.71157
6.66511
7.63999
8.00546
8.52614
7.81807
8.46298
8.66859
6.66511
6.86958
7.35813
6.4288
7.05639
7.61042
6.60487
6.63043
7.70071
7.64046
8.32711
6.4288
7.52708
8.32711
7.77448
7.68114
6.93491
7.31842
7.68114
6.4288
6.91774
7.96592
7.4253
7.61042
6.4288
6.73786
6.98477
7.0325
7.33557
6.4288
7.5622
7.98562
6.95208
7.68424
9.22648
5.80669
8.47405
7.47085
6.38518
8.79981
7.09321
8.9486
8.40757
7.90708
8.28416
6.31297
7.42117
8.41383
6.51821
7.95238
6.54736
9.27454
6.31698
6.78433
7.03154
10.8484
7.99904
7.71427
8.32272
8.15799
6.74694
7.56891
6.29233
7.80882
8.7831
8.41684
7.06323
7.74297
9.38296
10.8671
7.67711
7.41735
10.7794
8.2198
7.78755
7.89107
7.28211
7.59499
8.63775
9.05065
7.65402
7.96097
7.45656
7.35807
8.84624
7.99178
9.20168
8.16278
8.69476
7.74718
10.0927
8.13085
7.5309
6.96895
8.34668
8.40528
9.35233
6.96895
8.40528
8.91936
9.18081
8.09499
7.8253
9.14397
8.06969
7.18524
9.99767
7.38134
7.42407
5.73736
5.55807
7.51432
8.05316
9.33288
7.52154
8.16875
8.65537
5.94348
9.53305
6.73345
8.85545
7.09979
7.77618
7.21656
6.44736
6.37637
6.71111
6.69008
8.1595
7.95435
7.25456
7.09979
6.32376
7.17345
9.00529
11.1572
7.17345
7.06211
7.47146
8.88634
6.2552
7.05984
7.61199
8.43592
8.15742
7.80921
10.2356
8.05318
9.96045
9.22241
6.99071
7.40547
9.996
10.0803
10.1968
9.50748
7.14935
9.86654
10.7039
9.53569
7.33475
9.56871
6.71111
6.30654
8.05942
7.9386
5.71927
8.0791
7.03106
8.5464
8.02488
7.3897
10.0856
8.2013
7.5159
9.91654
10.6358
8.51114
6.54035
7.66608
7.03126
6.24906
8.5033
7.65441
7.2836
8.14594
7.42662
6.90342
6.47376
6.93584
7.15566
7.85111
6.47376
6.6058
8.58088
7.84718
7.469
10.6494
9.07097
9.63812
8.69111
8.33061
7.29912
7.97594
7.66568
8.13082
6.79457
7.20524
7.84134
7.68497
6.83852
7.25894
8.30376
7.84455
7.98181
6.68364
7.35376
6.2262
8.28827
7.80642
6.94067
9.26563
6.38725
6.69049
7.13964
9.68727
7.6427
6.8652
7.81153
6.83852
7.67996
7.37424
8.52453
7.6957
7.45167
7.92198
7.10679
8.19797
7.92128
7.1754
8.06013
7.46052
7.80971
8.78851
9.23745
8.64927
7.54395
8.14243
7.49624
8.42756
7.6116
7.58503
6.54664
8.72811
9.20588
7.09178
8.42689
8.33058
7.18489
9.74006
10.2282
6.55796
7.72966
7.87372
7.48932
6.03036
7.74432
6.90144
6.38811
7.18432
6.69867
7.07605
6.77312
7.07605
6.82995
7.30675
5.91649
9.3576
8.13006
8.71126
9.67672
7.80763
6.53724
8.07135
6.29856
8.97388
7.01372
6.70623
7.98133
9.3455
6.26608
7.75239
7.38676
7.97265
7.78724
7.75813
7.716
7.52242
8.69422
8.58424
8.68506
9.6806
8.01413
7.50616
7.69165
5.26071
8.69851
7.42811
6.69117
9.76769
9.03019
6.55392
8.27895
5.15886
6.92281
8.33851
7.33754
6.76122
7.05241
6.66511
8.19858
7.72214
6.63269
6.76122
7.71361
7.88541
8.03416
6.66511
6.75417
7.245
6.41729
7.71361
8.57766
7.39275
7.71361
6.66511
7.40256
6.66511
7.07325
7.48577
8.33851
7.71361
6.4545
6.62887
7.88309
7.71361
6.87743
6.76122
7.79115
5.84088
6.35309
6.35309
6.21475
6.26137
5.96236
6.42732
7.34724
6.42732
8.48666
6.52234
6.11339
7.55131
6.42732
6.42732
7.50311
6.66511
8.64363
6.99754
6.35309
5.87738
6.49628
5.97447
7.56797
7.71234
7.56797
6.99754
6.99754
6.29872
7.48879
7.64134
7.21646
7.66549
6.66511
6.465
6.66511
6.4545
6.66511
6.66511
6.66511
6.4545
6.4545
6.4545
6.66511
6.4545
6.4545
6.4545
6.4545
6.4545
6.4545
6.4545
6.4545
6.4545
6.4545
6.4545
6.4545
6.4545
6.4545
6.4545
6.4545
6.4545
6.4545
6.66511
6.4545
6.4545
6.4545
6.4545
6.4545
6.4545
6.4545
6.4545
6.4545
6.66511
6.4545
6.66511
6.4545
6.4545
6.4545
6.4545
6.4545
6.4545
6.4545
6.27101
6.4545
6.4545
6.4545
6.4545
6.4545
6.4545
6.4545
6.4545
6.4545
6.4545
6.66511
6.4545
6.66511
6.4545
6.4545
6.4545
6.4545
6.4545
6.4545
6.4545
6.4545
6.4545
6.4545
6.4545
6.4545
6.4545
6.4545
6.4545
6.4545
6.66511
6.4545
6.4545
6.4545
6.4545
6.4545
6.4545
6.4545
6.4545
6.4545
6.4545
6.4545
6.4545
6.4545
6.66511
6.4545
6.4545
6.4545
6.4545
6.14248
6.4545
6.14248
6.05076
5.58607
6.4545
6.05076
6.73411
6.73411
6.05076
5.58607
6.4545
6.14248
6.4545
5.30647
6.4545
6.4545
6.73411
6.4545
6.4545
6.4545
6.14248
6.4545
6.05076
6.4545
6.42208
6.05076
6.4545
6.73411
6.05076
6.4545
6.14248
6.14248
6.33037
5.30647
6.14248
6.05076
6.33037
6.4545
5.30647
6.4545
6.58303
6.4545
6.4545
6.4545
6.14248
5.58607
6.42208
6.4545
6.05076
6.14248
6.4545
6.05076
6.73411
6.4545
5.58607
6.05076
6.05076
6.42208
6.05076
6.4545
6.4545
6.4545
6.4545
5.30647
6.4545
6.4545
6.73411
6.4545
6.14248
6.4545
6.14248
6.4545
6.73411
6.4545
6.4545
6.05076
6.4545
5.30647
6.33037
6.05076
6.14248
6.14248
6.4545
6.4545
6.05076
6.48163
6.4545
6.4545
6.73411
6.4545
5.58607
6.14248
6.73411
6.05076
6.14248
6.05076
6.73411
5.30647
5.58607
6.73411
6.42208
6.4545
5.30647
6.4545
6.4545
6.05076
6.42208
6.14248
6.4545
6.05076
6.4545
6.14248
5.97447
6.43706
7.09328
6.43706
7.09895
5.97447
5.74303
6.21299
6.43706
6.51449
7.836
7.00408
6.81573
7.26129
7.06733
6.63482
6.89327
6.76836
9.27026
7.31704
6.00873
7.6899
10.3392
6.61142
8.25715
8.50932
7.41222
6.91614
8.46747
7.47131
7.09281
7.3415
8.43492
9.68898
7.79856
7.39064
6.81488
7.93412
9.65918
9.25525
7.4642
6.3384
8.21961
7.07537
6.6327
8.33091
8.33091
6.31167
8.06281
7.20184
6.97081
8.15514
6.74055
8.15311
8.20857
7.51747
9.85193
6.82439
8.30104
7.43798
8.71348
8.96064
8.91177
8.79776
8.18631
8.50763
8.63004
8.70928
7.17537
7.29685
8.20857
6.81925
9.44882
6.22138
6.81925
9.16356
6.87371
7.34992
10.4697
10.2428
8.95795
9.40525
8.09385
7.13878
6.87682
8.51906
8.82566
6.9767
9.40122
9.52622
6.68425
8.82998
8.26157
8.88407
8.57244
6.8027
7.69152
8.92952
8.4341
7.94833
8.94886
6.69088
7.24579
9.00795
7.89329
6.99386
7.86082
7.01763
9.02863
8.32988
10.1771
8.75396
9.66101
6.83532
7.32375
8.41198
9.41732
7.14387
6.9767
7.46527
7.91077
7.40468
8.23139
7.82083
6.78273
9.56053
7.80833
7.85088
7.05425
6.8027
6.87682
7.82609
8.18963
6.96825
6.87682
8.92924
9.07068
6.4503
9.49129
7.06425
9.12873
10.0304
8.4339
7.24826
8.22323
8.84278
8.84254
9.22201
7.77721
9.18336
7.46527
6.92611
8.3635
7.82986
7.81608
6.32882
8.22171
7.6324
7.58165
8.73406
7.80442
7.7271
7.32596
7.82457
7.34549
9.46851
6.73159
8.12885
6.22784
8.44093
6.38145
8.44998
7.83452
7.62246
7.10399
6.87294
8.22171
7.95024
6.21759
8.23966
6.74426
6.88612
6.69003
7.47758
7.72019
7.65257
7.49239
8.29914
8.20769
7.16169
7.80591
6.38366
7.12496
7.12438
6.15681
6.69765
6.79197
7.36699
6.77294
6.26571
8.26176
8.26952
6.57542
5.99731
7.4587
8.41075
7.13461
8.21569
8.40875
7.31303
6.58734
6.7233
9.41524
8.0982
7.4793
7.46527
6.74426
9.82545
8.50374
6.49577
5.93902
6.47468
7.49218
6.67749
8.30464
7.88112
6.72031
7.66108
7.57562
5.76534
7.41633
7.08159
6.47468
7.23043
8.81139
8.15389
9.11743
8.72856
7.46527
7.95612
7.45913
6.99253
9.05395
6.74704
7.46527
7.86131
8.14196
8.49191
7.65793
10.7809
8.0562
9.59271
6.49577
7.50811
7.12857
7.58686
8.19085
7.23162
6.53679
7.63748
7.28428
6.33163
6.92334
7.46527
7.94344
6.61123
7.77759
6.97695
6.61123
6.86993
6.33163
6.7006
7.84971
8.19348
6.88185
9.06655
7.93035
6.1241
8.86329
7.17823
7.71017
8.628
7.24462
6.24433
8.22914
8.85969
6.47613
7.04196
7.76979
6.2047
8.2818
7.4131
8.09709
5.90974
6.79633
7.5228
7.05307
7.16611
7.91869
8.37995
6.97272
7.46527
6.51673
8.70189
6.38451
7.24041
11.109
9.36562
7.5228
8.16508
9.95327
6.86896
7.01384
7.91804
8.49524
8.12028
8.17142
9.35035
6.53208
6.2047
7.57642
7.32726
6.73941
8.72856
7.6495
9.38463
9.22923
8.78603
7.46527
7.13462
7.86228
6.93613
6.43223
9.6717
6.42436
9.71441
7.48132
9.21573
10.1782
6.33976
6.65721
6.90904
7.26028
7.46527
7.68731
7.07113
8.26377
6.26251
6.99253
7.28916
8.25759
8.96436
8.46828
7.46527
8.64376
6.72632
6.74063
8.31791
7.03305
7.66883
8.31911
7.4309
9.06777
7.46527
6.98282
7.09421
7.46527
7.12198
7.46527
6.62905
7.05923
6.36029
5.78192
7.0192
7.53407
7.81337
7.00567
7.49467
7.22551
7.26353
8.37934
7.13462
7.32803
8.19811
7.27214
9.61534
7.09951
7.27214
9.61032
7.94304
7.55574
8.27133
7.46124
8.55236
7.47101
6.32882
6.80708
9.28965
8.55969
7.26768
6.57597
7.00043
6.61371
9.53691
8.08221
7.08123
7.82953
6.9587
7.4644
9.06777
7.60014
7.03305
9.51645
7.46527
8.20245
6.68042
7.30156
8.98656
7.20448
7.48782
6.50742
6.89685
6.49577
8.1341
8.91231
7.86908
7.2872
7.32921
7.3695
7.21237
7.73843
8.53175
7.46527
7.22015
7.46527
8.16401
7.19162
7.97868
9.03595
7.64012
7.89809
8.35279
9.46327
7.0765
5.76534
7.14136
7.14136
9.03739
7.14782
6.98269
7.82457
6.41431
7.20254
8.33001
6.7233
8.13312
7.19865
6.80723
7.14136
7.0029
7.14136
6.70651
7.64385
6.16265
7.13461
7.46527
8.63507
6.97157
6.78764
8.16901
6.96011
7.5388
6.38991
7.55845
8.837
8.52374
8.22323
7.48098
7.24713
8.52374
7.85828
7.46527
6.93735
7.05178
7.15809
8.70374
7.03511
8.18934
7.50008
10.0137
6.09273
6.73424
6.50671
8.15313
6.05583
7.10399
9.36562
7.4131
8.13685
7.75458
7.91869
7.65083
9.87266
7.90526
8.73202
9.25641
7.79055
6.76519
7.32405
6.50238
9.26242
7.28167
7.98547
8.4139
9.94919
7.40722
7.13475
7.75771
7.71536
6.84659
6.7376
7.79861
7.3121
7.46333
8.628
7.10399
7.5228
8.09709
6.80692
7.24041
8.12028
6.53208
7.5228
8.09239
7.82642
8.014
7.76953
7.16611
7.76979
7.91804
9.02871
9.10389
4.78135
6.61225
6.99253
7.72845
7.12648
6.68066
6.79593
7.2054
7.07028
6.54883
6.54883
7.36419
7.25547
7.40223
8.23105
6.66897
7.46527
7.11839
7.52356
7.75287
7.41946
7.2355
6.74427
7.29241
8.72897
7.45426
8.1242
5.84836
9.23061
6.69858
7.46527
6.93387
7.50683
7.4485
5.42814
6.74948
7.16598
7.50683
7.88489
5.82614
6.90039
7.30015
6.84234
7.1764
7.51547
7.09295
6.69858
6.39543
7.7301
8.43634
8.99532
7.46527
8.83757
6.05023
6.72044
7.25537
7.55492
6.86575
8.34513
7.24801
7.24801
5.99667
7.40305
7.34948
8.42022
7.07318
8.0234
8.98239
7.96651
6.40637
7.26781
6.7376
6.7376
6.7376
6.652
7.96622
7.51547
6.7376
6.7376
7.89188
7.68027
6.40637
6.83442
6.7376
6.88256
7.62984
7.39775
6.7376
7.68217
7.76919
5.71706
6.44893
7.87027
6.57618
7.81724
6.72692
7.09117
6.73537
7.84997
6.81739
7.2355
7.5973
5.98569
7.81052
7.11402
9.04522
7.81052
6.55372
6.18763
8.24173
6.75654
6.72044
8.48317
6.69735
8.35993
7.30017
7.70581
8.59965
6.71029
6.75654
7.81052
6.71029
6.49577
5.31663
6.8048
9.28555
7.55547
7.59704
7.66918
7.88725
7.45155
8.37934
6.58084
8.01713
8.78318
5.47785
7.5092
10.2501
8.0681
7.68678
7.8506
7.38734
9.79637
9.06879
7.60437
8.65641
7.84919
8.7886
7.21942
7.2121
7.37466
7.25209
7.92064
7.89544
7.92064
8.23877
6.92022
7.6068
6.85917
7.25209
6.94461
8.43573
7.92064
7.57115
6.90089
6.69858
7.5317
7.30572
6.54883
5.32664
7.46527
6.54883
5.86795
5.32664
6.49577
7.46527
8.13373
7.46527
8.44003
6.3993
7.39362
7.51439
7.46527
7.10399
7.46527
7.2054
7.65318
7.46527
6.72991
8.4558
6.81292
8.22793
7.46527
9.7467
8.16082
6.88185
5.30663
7.17104
8.51636
8.44346
8.00247
5.97305
8.11353
7.09843
6.72991
6.54883
6.74427
7.46527
7.77962
6.03757
7.14464
6.93705
7.46527
7.46527
7.5927
7.44303
8.36477
6.47468
7.70422
7.98971
6.54761
6.69043
7.39416
6.34602
8.54441
8.53078
7.13868
7.09284
6.81204
7.46527
7.46527
7.46527
7.46527
6.29024
7.89122
7.89791
6.62124
7.40949
8.18991
6.76656
7.00035
6.55635
6.42678
8.934
7.93605
6.54883
7.46527
6.50847
7.20399
7.46527
8.12127
7.91066
7.64252
7.25937
7.3431
10.0881
7.46527
8.36757
9.01846
9.72766
6.54883
6.78871
7.46527
7.84971
6.88667
7.5092
6.9974
8.70424
6.90708
7.55209
8.19647
8.24492
7.94694
7.26211
7.46527
8.56889
7.46527
7.46527
7.63875
6.97818
7.18474
8.44139
7.79748
7.46527
6.54883
6.54883
6.49577
6.8469
8.28943
7.2054
6.54883
7.96662
8.15699
7.93951
7.46527
7.46527
6.75428
7.46527
7.95612
8.49389
7.65168
8.71491
10.0682
7.20185
7.35371
6.54883
7.87067
7.92639
6.44145
6.02909
7.99544
7.92752
8.55795
7.29761
7.46527
7.46527
8.02746
9.02542
8.48352
7.46527
7.90855
9.56147
8.5434
8.76458
6.50671
6.7233
6.67626
7.25209
5.92043
8.61454
7.66324
7.09366
7.28167
8.1693
10.2026
8.48003
7.63585
9.84225
7.72454
7.05055
7.46527
7.46527
8.41898
8.30222
7.85756
6.09938
7.19895
7.57447
7.40403
7.46527
9.6575
7.46527
7.82862
6.3993
7.46527
11.4883
8.76383
7.46527
7.46527
7.33016
6.7233
7.94985
8.08113
8.36474
7.59704
7.5157
8.46201
7.46527
8.26162
6.59287
6.76656
7.74974
6.85991
8.35153
6.08364
6.84443
5.61352
8.00756
7.8054
9.08995
7.22416
8.46391
7.68517
7.98199
7.5917
6.91873
8.50699
9.75179
6.8287
7.76294
6.81006
6.42124
9.24416
7.46527
7.2054
8.65205
6.6207
8.91827
7.74536
7.46527
6.75575
7.64282
9.48525
9.45628
9.02077
6.61286
9.52496
7.68689
9.07862
9.78207
10.0271
9.91873
8.31356
8.14603
8.41552
8.97865
6.75979
9.83854
7.25678
8.47717
6.38437
7.87757
6.95009
7.96112
8.8933
7.03292
7.58174
8.12807
7.46527
8.20905
6.40573
7.79456
8.37687
6.32882
8.80852
6.54883
8.07059
7.46527
7.46527
6.54883
8.24763
7.46527
7.01926
5.717
6.64166
7.13151
6.54883
6.73424
7.46527
7.46527
8.77685
8.07553
7.52583
9.67175
9.01585
6.54883
7.46527
7.04985
6.74447
6.87587
9.34491
6.54883
6.6889
8.59191
7.99849
7.26693
7.27116
7.46527
7.77546
6.33976
8.491
8.55124
7.46527
6.34725
8.25607
7.46527
6.54883
6.14692
7.84703
8.28571
6.58734
7.17848
7.92203
7.11266
7.00632
7.65823
7.90163
6.51594
7.3431
7.20669
7.23723
7.19386
6.7112
6.88484
7.23804
7.19386
7.25462
7.46527
7.46527
7.2054
7.50122
7.46527
8.25994
6.76199
6.42558
6.92429
9.54186
7.77952
6.37105
6.95843
8.10444
7.45574
5.84974
6.88667
6.99788
6.86937
7.46937
7.01362
6.95533
9.0292
7.96012
7.18416
7.82482
6.99788
7.05297
8.43423
8.16302
6.8651
7.82869
6.54883
7.56882
6.8651
7.25492
7.96148
7.23804
8.6988
9.28872
8.008
11.4788
7.05027
7.2876
8.79315
8.19676
7.9571
8.20697
8.36897
8.36892
7.73547
7.77987
10.9845
9.38187
6.28659
9.54808
6.56446
6.46509
7.28132
4.99004
8.25269
6.17293
10.5766
8.6416
7.18707
5.6677
5.78129
10.6694
5.91131
6.37673
7.66969
7.59764
10.6283
7.69352
8.13198
6.52861
5.85294
8.27429
8.18617
9.51364
8.15134
9.09663
10.6456
7.14279
8.29227
8.55317
9.18636
7.69901
6.03354
7.80644
8.26852
7.42039
9.24594
7.32082
7.55419
6.59084
6.99578
8.82951
10.3325
9.88534
6.87902
8.22879
7.23366
10.3668
8.91212
6.17282
9.40062
7.53788
6.40506
9.30554
7.2033
7.01815
6.66837
8.57435
9.66883
6.60527
11.245
10.5738
7.09257
6.49652
10.7534
10.2301
7.58503
8.79231
6.16906
9.24499
11.3304
9.69644
8.69861
9.94944
10.0631
6.85115
6.74431
7.79608
10.4624
6.01797
11.2816
7.79608
9.51018
10.0763
6.24927
11.0755
8.71531
10.269
8.34308
8.00211
7.45857
8.23864
7.96577
7.71282
6.2198
10.7102
8.15384
10.1305
10.6493
7.92343
8.55301
6.15199
7.20905
7.72464
8.39063
10.675
6.9514
8.21037
9.51318
9.91551
5.30779
8.9219
7.35772
5.94575
9.33364
11.1803
5.93396
8.40149
10.748
11.5774
8.55409
10.4236
10.4484
6.41503
7.88434
7.51878
5.94355
8.34548
9.87418
9.93199
9.18331
6.89351
8.94516
8.66678
6.99154
7.26127
8.85925
6.72435
9.49359
4.62084
7.34977
7.49104
10.0683
8.47394
6.0464
6.67933
6.05059
8.50083
7.73557
8.13109
8.59693
8.97545
6.44967
7.3255
9.389
9.75554
6.5633
7.41907
10.0281
6.68394
6.80302
6.26273
10.2504
9.53998
9.95533
9.63791
9.21935
8.20906
9.50165
5.62441
9.84649
9.49191
8.55755
9.62077
6.74009
10.3291
8.1277
7.35243
8.59785
6.90353
10.1324
6.86696
6.91271
7.44445
4.99004
6.65753
8.00178
8.72739
6.75599
10.0304
7.2107
5.67754
8.65485
7.26834
10.7298
9.94615
7.39279
11.6119
7.15731
10.7197
8.57727
8.7994
8.99463
8.47356
7.29171
6.70424
7.35623
6.56405
7.04121
5.54807
8.11268
6.6161
7.04878
7.49104
5.71272
7.25226
7.34974
10.9465
6.66452
6.24773
5.20811
6.57246
7.08005
6.92678
6.55699
7.28962
7.59024
7.83762
7.27404
10.5197
6.64273
5.66489
5.70157
5.91597
6.61919
7.18164
5.20343
9.24825
10.2662
8.61765
8.94601
7.43548
7.91137
8.69921
9.52626
7.53317
5.22037
7.83749
7.54952
5.84659
8.20815
9.65193
7.0726
9.53743
8.52899
7.57402
10.4797
9.88196
8.27432
6.80965
8.0823
7.15891
7.35389
7.84022
4.72039
6.24486
10.2758
9.13257
7.15891
6.93529
8.92644
6.69403
9.89047
8.84005
8.47786
9.36392
6.48045
6.41819
6.47213
7.32513
5.69886
7.60074
7.23626
7.51659
6.58837
7.70854
6.97899
8.72194
7.18896
6.53257
7.31572
9.22533
6.7054
7.42269
9.58009
8.78118
8.36852
7.72875
5.7794
6.69148
10.2802
6.53956
6.53586
8.3079
6.25151
7.24434
7.05869
9.69158
9.87114
5.99553
6.09932
7.92917
7.0107
5.7794
9.12545
6.89213
7.73692
8.31013
7.35116
7.26954
7.7311
7.51482
8.31013
6.12462
5.70157
8.63617
7.05565
5.97457
5.65763
7.73137
9.51371
6.23755
8.31013
8.8637
6.50219
7.19134
8.23997
8.13888
8.19908
10.2556
6.93279
8.19654
7.73019
10.2546
8.1077
9.0369
9.89362
9.59811
8.63926
8.73112
9.77584
7.73019
8.23563
8.1077
9.67376
6.94586
6.92057
9.62131
7.50266
9.08206
9.92424
7.89094
7.52846
6.13592
6.81421
9.53353
9.89362
8.00435
9.86285
9.32639
8.82331
9.64503
6.64091
6.82731
6.66281
10.3754
9.76588
11.0058
10.4764
7.08655
8.64064
8.0025
6.97491
6.78867
6.20921
10.628
8.53609
8.9816
9.53794
9.21123
8.75476
8.17484
10.0351
7.36296
8.9875
7.94969
8.58765
9.55278
7.66814
8.11661
8.85741
10.2626
8.55346
7.95035
9.55076
7.90644
8.03113
9.06173
6.4787
8.53253
5.60986
9.22904
6.26883
5.99553
6.2283
5.7091
7.60761
9.32034
9.2673
7.0295
5.97649
5.7091
7.26502
6.44907
9.05638
5.54117
7.03088
6.99089
9.51875
9.07456
9.99454
9.5459
9.70207
8.65538
9.52014
9.30503
7.31646
9.10683
5.60907
11.0268
10.3445
9.42011
9.82945
10.2071
6.29016
7.79077
9.22187
7.37501
10.435
7.1804
9.41009
4.5496
10.2805
8.08705
7.40804
6.43685
10.3028
7.81037
5.98289
9.93326
8.0025
7.4674
4.82492
7.0465
6.29753
8.74195
7.42406
7.42406
9.8331
7.80688
5.79333
7.42406
8.8098
8.82576
6.72645
7.65742
7.88561
10.6032
8.01828
6.14691
6.69411
6.05128
9.74425
7.96515
6.50917
7.72261
5.70157
7.45867
7.12476
9.42116
9.16073
9.26536
6.31799
6.79578
6.16025
8.70741
9.16326
7.94848
7.77352
6.25808
8.93425
6.94659
10.4662
7.50099
4.65797
4.62084
7.70854
7.26259
9.90173
6.10264
6.26959
6.95287
9.00519
5.41151
7.76825
5.41151
7.25263
9.2174
6.82751
8.18786
6.61309
8.90146
6.15922
9.08515
6.263
6.15922
7.92259
5.93396
8.66154
8.65996
6.50237
7.70202
7.15871
9.35521
7.50084
7.65915
6.52861
7.59676
6.98382
9.03376
8.19284
7.96828
8.17675
4.62084
6.58864
9.91278
6.06943
9.78157
6.60834
6.51399
8.61423
8.89716
8.32164
10.1234
6.26098
8.1794
7.52741
8.20428
7.27493
8.80246
8.1794
11.2008
7.02422
4.62084
6.638
7.29052
7.95255
4.62084
5.65073
7.4046
6.68514
5.18051
7.35176
7.3994
4.9439
9.74662
6.7783
7.76146
6.24899
6.38463
6.60164
6.18194
7.27404
6.41927
6.12559
6.71017
7.00176
5.96768
7.60949
7.79077
8.32807
9.70378
7.30653
6.42674
7.79197
6.48391
9.26805
6.98152
9.68964
7.09506
6.99039
6.50002
7.23234
10.0687
6.13032
9.42141
6.77495
7.25435
9.49162
6.48254
9.15824
6.40432
6.35377
6.88726
8.45676
7.42374
6.85295
5.93751
7.6634
9.36338
10.9864
6.28685
6.01704
6.14118
7.90644
6.37563
7.50604
7.68302
5.8776
6.05743
8.22362
6.95761
8.07405
5.77922
7.49742
4.80108
5.4569
6.26838
9.43401
9.77792
8.32714
9.72216
11.0834
10.7476
8.61618
6.41462
10.5749
9.76161
8.26095
5.69926
8.59231
10.4254
9.97721
10.4674
7.2591
7.02046
9.8499
6.81092
10.0913
8.62833
8.64806
9.37109
10.3711
9.75323
9.71772
9.43401
10.0853
9.98173
6.05336
7.0896
6.69194
8.24172
7.04816
7.29171
6.87215
8.83601
7.73467
7.33666
6.0978
7.04121
6.7771
6.42451
6.73758
8.01703
7.03308
5.93692
7.04121
7.93653
6.39606
6.7885
5.99232
7.25226
10.031
6.15922
6.79212
6.56684
7.00933
6.51754
7.35695
7.28962
8.32164
9.44428
8.34232
9.38518
9.24031
9.43412
9.61693
7.8761
9.71594
7.97912
9.50165
9.42875
8.96672
9.47195
8.87298
8.22368
9.41073
9.59946
9.34151
9.43223
9.24147
7.27404
8.86395
9.38617
7.11005
8.51589
8.97291
9.51939
8.87298
8.32164
8.91439
8.91439
6.42451
9.19104
7.78241
9.42126
8.05417
9.1695
9.10366
6.84239
9.56646
4.73817
4.95782
7.07698
5.35956
5.65521
6.41617
7.36631
6.43932
6.88905
6.99229
7.44578
8.2779
8.04612
7.75464
7.75464
7.94221
6.7054
6.1429
7.78787
8.52465
7.94221
7.44578
7.75464
8.34224
6.87202
7.21078
7.96614
10.0356
9.8302
5.54734
10.1729
9.22208
9.90477
7.72832
8.22225
9.3865
9.52401
10.9809
8.39964
7.50413
10.9653
8.90015
7.0896
6.86141
10.6012
9.50291
5.82005
6.37367
5.85451
8.87876
6.68663
8.47052
5.59524
5.68695
7.809
7.01415
6.87717
6.9269
6.23755
8.32933
10.9845
8.89476
8.47441
10.5604
6.20105
8.21942
7.2091
9.03953
7.90726
8.18795
6.25341
6.66837
7.05814
6.10641
6.11515
7.2229
8.86827
7.56324
7.2359
7.85422
6.26681
8.0007
5.80601
6.12435
8.34781
8.32378
8.50163
8.27763
6.76964
8.4691
10.4199
7.66065
5.98226
8.80402
6.93128
5.75984
6.4787
10.4431
7.53315
6.67694
8.64042
7.43013
8.95039
5.90666
8.70488
9.4374
8.24074
6.87231
8.87997
8.91386
5.79616
8.35758
6.51323
9.8922
10.0411
7.00559
5.90666
5.46162
8.3108
7.64795
7.55175
6.17432
7.86344
8.29708
5.1868
6.75054
8.13064
8.46608
8.26397
8.19114
6.77579
7.68619
8.46913
7.57592
7.13663
8.92097
8.43249
7.5123
6.83426
6.27321
7.1677
8.00009
7.92643
6.25217
5.41906
10.2037
6.34671
6.34671
6.34671
5.93644
7.82249
6.84424
7.13852
6.17535
6.22306
8.35748
6.60093
7.41726
6.43494
6.65695
6.69932
6.65695
8.11555
7.26468
6.65695
6.65695
8.88955
7.26468
6.65695
6.10699
6.69932
6.65695
6.65695
7.45236
5.97213
6.99768
8.10633
9.22391
7.96181
7.13859
9.37783
8.13416
6.89966
7.78912
7.92236
7.92875
7.15045
8.05796
6.97019
7.78912
9.68543
8.01242
7.93911
7.86741
5.86952
9.03301
9.56895
7.57285
7.60423
7.4442
8.79852
5.59325
7.97957
7.20781
7.39703
8.77442
8.21423
6.75016
6.09605
8.03288
6.59614
6.21408
6.38866
7.12411
6.69273
7.86745
7.28615
7.28615
7.09266
6.91542
6.09043
6.94387
7.42591
6.90635
6.52593
6.53659
6.54568
7.17193
5.59574
9.25414
7.28841
5.3131
6.98736
7.11662
6.75684
5.82605
7.34033
5.45473
6.04782
6.88021
7.1303
