1.1109
1.43757
1.40946
1.49018
1.37975
1.58999
1.37975
1.26331
0.987609
0.549859
0.87117
1.07584
1.19252
1.38004
1.15287
0.602028
1.08834
0.906502
0.673333
1.17912
0.461531
0.87117
0.3448
0.673333
0.3448
1.07579
0.911827
1.02866
1.53752
0.673333
0.518124
0.673333
0.878392
1.11119
1.07579
1.37975
0.461846
0.878392
0.679054
0.771658
1.28053
0.175777
0.906502
0.84267
0.888096
0.612543
0.928706
0.789771
0.73038
0.787916
0.865843
0.47303
0.928706
0.982574
0.965123
0.953202
0.878392
0.630868
0.906502
0.789771
1.01068
0.986206
0.878392
0.789771
0.789771
1.08834
0.906502
1.07584
0.789771
0.682976
0.673333
0.906502
0.759806
0.878392
0.175777
0.761661
0.602028
0.790064
1.11645
0.790064
0.761661
0.878392
0.677481
0.175777
0.790064
0.789771
0.673333
1.19752
0.461238
1.08834
0.999718
0.461238
0.936698
0.292509
0.256786
1.11645
0.761661
0.0874491
1.15214
1.68799
1.17912
0.648981
0.865843
1.20286
0.186961
0.80472
0.414127
0.413834
0.812268
1.22806
0.826578
0.20418
0.544042
0.749101
1.0413
1.46458
0.0874491
0.937013
0.175777
0.508361
0.502455
0.602321
0.414127
0.373517
0.826578
0.502455
0.413834
0.9336
0.761661
0.643075
0.561358
0.878392
0.86488
0.916265
0.761661
0.937013
0.73038
0.292509
0.577969
0.0874491
0.86488
0.20418
0.320618
0.882386
0.3448
0.385724
1.04773
0.292509
0.789771
0.906502
0.789771
0.878392
0.761661
0.878392
1.00001
0.761661
1.11645
0.878392
0.606745
0.47303
0.878392
0.673333
0.789771
1.36197
1.16945
1.14095
0.994831
0.723653
0.789771
0.878392
0.959108
0.761661
0.930999
0.777514
0.789771
0.790064
0.761661
0.878392
0.999718
0.971608
0.673333
0.761661
0.0874491
0.878392
1.17912
1.17535
0.888096
0.671793
0.789771
1.26886
1.57839
0.761661
0.761661
0.878392
1.66071
0.789771
0.695543
1.11645
0.690649
0.761661
0.789771
0.761661
0.789771
0.878392
1.07584
0.690649
1.765
0.789771
0.878392
0.937013
0.373517
0.469108
1.00978
0.878392
0.602321
0.577969
0.320618
0.292509
0.175777
1.12179
0.385724
0.502455
0.385724
0.690649
0.690649
1.03789
0.690649
0.900596
0.502455
0.385724
0.900596
0.690649
0.203887
0.81508
0.502455
0.690649
0.502455
0.690649
0.385724
0.3448
0.502455
0.502455
0.502455
0.385724
0.385724
0.690649
0.502455
0.690649
0.502455
0.385724
0.502455
0.690649
0.414127
0.690649
0.502455
0.385724
0.385724
0.695536
0.900596
0.502455
0.502455
0.385724
0.602028
0.414127
0.385724
0.385724
0.502455
0.385724
0.502455
0.783865
0.385724
0.690649
0.690649
0.502455
0.385724
0.783865
0.502455
0.292509
0.690649
0.385724
0.502455
0.385724
1.06361
0.502455
0.385724
0.502455
0.502455
0.518124
0.175777
0.695543
0.3448
0.784516
0.175777
0.518124
0.767676
0.606922
0.175777
1.03623
1.29524
0.602028
0.256786
0.96928
0.0874491
1.20441
0.573918
0.789771
0.583171
0.649274
0.812268
0.175777
0.175777
1.52436
0.518124
0.48559
0.906502
0.518124
0.0874491
0.20418
0.203887
0.175777
0.292509
0.292509
0.666298
0.292509
0.292509
0.928706
0.203887
0.761661
1.4598
0.275192
0.413834
0.914592
0.0874491
0.292509
0.789771
0.461531
0.203887
0.320618
0.502455
0.928706
0.811981
1.07112
0.20418
0.203887
0.555061
0.583171
0.320618
0.555061
0.602321
0.836243
0.671793
0.461238
0.466733
0.555061
0.0874491
0.0874491
0.964393
0.671793
1.17434
1.06239
1.1109
1.0413
0.466733
0.583171
0.811975
0.671793
0.671793
0.606922
0.908295
0.292509
0.817161
0.557729
0.48559
0.870878
0.811975
1.00978
0.690649
0.900596
1.00978
0.671793
1.29524
0.443116
1.2153
0.0874491
0.292509
0.292509
0.292509
0.811975
0.530565
0.0874491
1.11119
0.0874491
0.602466
0.502455
0.577969
0.0874491
0.679347
0.9336
1.4313
0.671185
0.502455
0.461238
0.9336
0.876244
0.892206
0.203887
0.502455
1.46053
0.602321
0.700467
0.461531
0.690649
1.1788
0.671185
0.0874491
0.502455
0.577969
0.602321
0.607215
0.203887
0.20418
0.203887
0.48559
0.175777
0.0874491
0.787916
0.47303
0.602028
0.175777
0.203887
0.0874491
0.607215
0.695543
0.175777
0.292509
0.719197
0.175777
0.976953
0.320618
0.175777
0.673333
0.320618
0.320618
0.767676
0.929143
0.0874491
0.48559
0.690649
0.502455
0.175777
0.690649
0.761661
0.292509
0.175777
0.602321
0.502455
0.0874491
1.00978
0.320618
0.848684
0.203887
0.906502
0.573918
0.690649
0.690649
0.690649
0.292509
0.573918
0.602321
0.48559
0.573918
0.48559
0.440998
0.671793
1.11645
0.690649
0.602321
0.690649
1.02503
0.690649
0.573918
0.48559
0.573918
0.936405
0.690649
0.690649
0.573918
0.789771
0.573918
0.573918
0.573918
0.573918
0.573918
0.3448
0.690649
0.690649
0.461531
0.790064
0.573918
0.690649
0.573918
0.573918
0.573918
0.48559
0.573918
0.573918
0.573918
0.203887
0.203887
0.573918
0.320618
0.320618
0.48559
0.203887
0.292509
0.789771
0.690649
0.906502
0.320618
0.761661
0.789771
0.573918
0.690649
0.203887
0.718759
0.573918
0.690649
0.573918
0.690649
0.602321
0.761661
0.573918
0.690649
0.690649
0.673333
0.48559
0.573918
0.690649
0.690649
0.502455
0.690649
0.573918
0.690649
0.602321
0.602321
0.175777
0.573918
0.573918
0.787916
0.690649
0.175777
0.789771
0.690649
0.573918
0.718759
0.893952
0.292509
0.878392
0.186961
0.690649
0.345115
0.292509
0.0874491
0.583464
0.561358
0.502455
0.0874491
0.292509
0.175777
0.175777
0.292509
0.433128
0.761661
0.530565
0.345115
0.275192
0.761661
0.606922
0.502455
0.606922
0.771305
0.747834
0.549859
0.747834
0.549859
0.175777
0.749101
0.47303
0.292509
0.461531
1.20723
0.975601
0.549859
0.671793
1.11645
0.787916
0.320618
1.81561
0.921451
1.18066
1.28495
0.759806
0.320618
0.971608
0.502455
0.175777
0.695543
0.461238
0.20418
0.320618
0.356299
1.03789
0.203887
0.20418
0.292509
0.508361
0.0874491
0.508361
0.203887
0.80472
0.391923
0.461846
0.602321
0.718759
0.549567
1.02866
0.0874491
0.549859
0.86488
0.320618
0.0874491
0.461531
0.433128
0.502455
0.690649
0.203887
0.9336
0.292509
0.356299
0.363521
0.461846
0.502455
0.596317
0.292509
0.679347
1.00978
0.20418
1.06993
1.12223
0.671793
1.4492
0.20418
0.320618
0.974057
0.320618
0.671793
0.233169
0.20418
0.0874491
1.17912
0.20418
0.589468
0.320618
1.12622
0.320618
0.292509
0.408947
0.690649
0.356299
0.690649
0.690649
0.718406
0.385724
0.0874491
0.0874491
0.618894
0.690649
0.788231
0.690649
0.320618
0.690649
0.573918
0.544042
0.573918
0.48559
0.0874491
0.690649
0.48559
0.0874491
0.320618
0.583464
0.175777
1.19952
0.292509
0.20418
0.878392
0.789771
0.433128
0.878392
0.549859
0.20418
0.48559
0.690649
0.573918
0.602028
0.573918
0.549859
0.573918
0.690649
0.690649
0.573918
0.690649
0.690649
0.690649
0.549859
0.690649
0.573918
0.48559
1.09368
0.690649
0.699902
0.976953
0.433128
0.573918
0.573918
0.718759
0.690649
0.203887
0.573918
0.20418
0.573918
0.518124
0.573918
0.976953
0.690649
0.573918
0.573918
0.690649
0.0874491
0.573918
0.48559
0.48559
1.09368
0.573918
0.878392
0.761661
0.673333
0.878392
1.47887
1.16906
0.878392
0.292509
0.789771
0.0874491
0.549859
0.48559
0.549859
0.433128
0.292509
0.549859
0.573918
0.690649
0.690649
0.952894
0.549859
0.922702
0.952894
0.549859
0.549859
0.549859
0.607215
0.606922
0.549859
0.952894
0.573918
0.836163
0.549859
0.906502
0.883279
0.878392
0.789771
1.00001
0.789771
0.761661
0.761661
0.320618
0.20418
0.761661
0.518124
0.0874491
0.0874491
0.607215
0.175777
0.385724
0.175777
0.20418
0.0874491
0.0874491
0.671793
0.205059
0.292509
0.0874491
0.256786
0.415006
0.292509
0.502455
0.0874491
0.233169
0.175777
0.175777
0.297396
0.20418
0.175777
0.320618
0.320618
0.292509
0.320618
0.490014
0.292509
0.20418
0.0874491
0.502455
0.175777
0.718759
0.175777
1.01703
0.48559
1.33174
0.48559
0.690649
0.444312
0.20418
0.385724
0.771305
0.561358
0.461846
0.292509
0.292509
1.63818
0.853668
0.203887
0.203887
0.203887
0.20418
0.20418
0.20418
0.320618
0.606922
0.292509
0.20418
0.723653
0.723653
0.20418
0.20418
0.723653
0.20418
0.0874491
0.203887
0.606922
0.0874491
0.20418
0.20418
0.606922
0.320618
0.20418
0.20418
0.970106
0.320618
0.413834
0.413834
0.9336
0.413834
0.320618
0.413834
0.292509
0.175777
0.607215
0.836163
0.413834
0.413834
0.175777
0.413834
0.413834
0.413834
0.413834
0.413834
0.413834
0.671793
0.413834
0.413834
0.413834
0.413834
0.413834
0.413834
0.413834
0.203887
0.413834
0.413834
0.413834
0.413834
0.413834
0.320618
0.80472
1.36029
0.20418
0.466733
0.765712
0.3448
0.175777
0.0874491
0.292509
0.502455
0.502455
0.530565
0.175777
0.0874491
0.292509
0.292509
0.801377
0.518124
0.292509
0.175777
0.175777
0.921451
0.413834
0.20418
0.203887
0.175777
0.385724
0.20418
0.502455
0.502455
0.502455
0.0874491
0.0874491
0.0874491
0.292509
1.1788
1.29524
0.175777
0.502455
0.0874491
0.292509
0.292509
0.578812
0.892206
0.203887
0.3448
0.320618
0.759806
0.0874491
0.759806
0.0874491
0.690649
0.698349
0.433128
0.0874491
0.502455
0.292509
0.759806
0.175777
0.549859
1.03789
0.433128
0.502455
0.869768
0.20418
0.557729
0.869768
1.09079
0.986499
0.659821
0.869768
0.869768
0.869768
0.659821
0.203887
0.433128
0.0874491
0.443116
0.867541
0.326385
0.433128
0.573918
0.48559
0.900596
0.900596
0.726751
0.518124
0.433128
0.690649
0.573918
0.48559
0.433128
0.413834
0.928706
0.413834
0.413834
0.203887
0.649274
0.530565
0.203887
0.413834
0.292509
0.320618
0.502455
0.413834
0.701833
1.26331
1.39696
1.49648
1.28023
0.73038
0.514137
0.514137
0.444312
0.673333
0.532543
1.36885
0.970106
0.186961
0.73038
1.13944
0.3448
0.659857
1.37975
0.674212
1.1109
0.673333
0.613649
0.761661
0.433128
0.970106
0.461238
0.433128
0.942182
0.730088
0.673333
0.73038
0.671185
0.853668
0.48559
0.84267
1.1638
0.73038
0.549859
0.771658
0.747306
0.613649
0.3448
0.613649
0.643075
0.0874491
0.583171
0.73038
0.940034
0.977904
1.1638
1.1638
0.630575
0.602028
0.433128
0.613649
0.3448
0.433128
0.433128
0.514137
0.673333
1.1638
0.297396
0.643075
0.783865
0.61002
0.472737
0.567478
0.959108
0.413834
0.959108
0.690649
0.532543
0.3448
0.257351
0.257351
0.257351
0.959108
0.514137
0.73126
0.3448
0.3448
0.900596
0.356299
0.357178
0.673333
0.356299
0.433128
0.352669
2.00995
0.256786
1.05202
0.0883284
0.0874491
0.461238
0.203887
0.257351
0.0874491
0.0883284
0.461238
1.1564
0.3448
0.175777
1.24473
0.203887
0.203887
0.27529
0.3448
0.631747
0.401686
0.433128
0.631747
0.3448
0.671185
0.630575
0.461238
0.461846
0.994458
0
0.3448
0.673333
0.175777
0.3448
0.433128
0.554746
0.433128
0.3034
0.186961
0.3448
0.433128
0.175777
0.175777
0.433128
0.461238
0.461238
0.690649
0.3448
0.175777
1.05677
0.0874491
0.0874491
0.583171
0.414127
0.0874491
1.05677
0.730088
0.433128
0.116731
0.3448
0.461238
0.514137
0.930999
0.3448
0.561043
0.673333
0.48559
0
0.433128
0.461531
0.3448
0.48559
0.701978
0.573918
0.673333
0.573918
0.671478
0.613649
0.823596
1.29388
0.433128
0.602028
1.44853
1.05677
0.846819
0.256786
0.48559
0.3448
0.846819
0.3448
0.771305
0.671185
0.461238
0.256786
0.730088
0.373789
0.48559
0.602028
0.373225
0.356299
0.3448
0.514137
0.613649
0.3448
0.0874491
0.0874491
0.789771
0.373517
0.175777
0.613649
0.701978
0.0874491
0.0874491
0.776552
0.613649
0.549859
1.30674
0.489956
0.999718
0.461846
0.426688
0.999718
0.373517
0.730088
0.3448
0.673333
0.203887
0.48559
0.3448
0.673333
0.175777
0.940327
1.08834
0.0874491
0.433128
0.654927
0.48559
0.673333
0.0874491
0.0874491
0.840522
0.602321
0.0874491
0.0874491
0.0874491
0.654927
0.602028
0.373789
0.3448
0.554746
0.671185
0.433128
0.0874491
0.0874491
0.461238
0.0874491
0.48559
0.0874491
0.0874491
0.433128
0.48559
1.27953
0.3448
0.203887
0.971608
0.203887
0.433128
0.48559
0.433128
0.48559
0.747834
0.3448
0.532543
0.373225
0.461238
0.3448
0.257351
0.472737
0.0874491
0.472737
0.589468
0.320618
0.203887
0.514137
0.373789
0.320618
0.514137
0.373225
0.433128
1.1109
0.589468
0.630575
0.630575
0.846819
0.724084
0.0874491
0.413834
0.175777
0.356299
0.175777
0.613649
0.613649
0.3448
0.883279
0.673333
1.28023
0.203887
0.73038
0.3448
0.673333
0.846819
0.585884
0.3448
0.356299
0.433128
0.801392
0
0.3448
0.257351
0.413834
0.48559
0.790064
0.256786
0.413834
0.0874491
0.3448
0.0874491
0.3448
0.413834
0.203887
0.532543
0.268849
0.602466
0.413834
0.433128
0.549859
0.27529
0.3448
0.577969
0.0874491
0.0874491
0.0874491
0.203887
0.461531
0.602028
0.3448
0.695536
0.853668
0.0874491
0.554746
0.3448
0.433128
0.461531
0.0874491
0.203887
0.0874491
0.789771
0.554746
1.34939
0.3448
0.3448
0.846819
0.356299
0.3448
0.3448
0.257351
0.48559
0.3448
0.3448
0.433128
0.613649
0.257351
0.3448
0.3448
0.613649
0.3448
1.02301
0.257351
0.3448
0.73038
0.613649
0.3448
0.3448
0.3448
0.514137
0.116438
0.356299
0.3448
0.3448
0.256786
0.0874491
0.3448
0.0874491
0.0874491
0.602028
0.175777
0.790064
0.398141
0.3448
0.840815
0.573918
0.20418
0.175777
0.233169
0.433128
0.433128
0.789771
0.175777
0.0874491
0.48559
0.461238
0.48559
0.0874491
0.175777
0.0874491
0.577969
0.0874491
0.673333
0.63131
0.175777
0.0874491
0.0874491
0.175777
0.0874491
0.3448
0.352669
0.433128
0.433128
0.532543
0.461238
0.673333
0.514137
0.630575
0.257351
0.554746
0.727631
0.356299
0.0874491
0.73038
0.373225
0.461238
0.20418
0.373225
0.589468
0.257351
1.46458
0
0.0874491
0.3448
0.433128
0.602028
0.514137
0.345679
0.0874491
0.3448
0.0874491
0.514137
0
0.690649
0.461238
0
0.116438
0.0874491
0.549859
0.0874491
0.461238
0.3448
0.577969
0.573918
0.602466
0.3448
0.373789
0.345679
0.257351
0.864565
0.48559
0.461238
0.514137
0.48559
0.834002
0.3448
0.0874491
0.461238
0.175777
0.648981
0
0.3448
0.819967
0.3448
0.3448
0.3448
0.3448
0.3448
0.3448
0.3448
0.3448
0.3448
0.461531
0.3448
0.3448
0.3448
0.3448
0.671185
0.3448
0.0874491
0.3448
0.3448
0.3448
0.3448
0.3448
0.3448
0.3448
0.3448
0.3448
0.819967
0.203887
0.0874491
0.203887
0.0874491
0.673333
0.203887
0.433128
0.203887
0.0883284
0.46241
0.413834
0.175777
0.48559
0.433128
0.385724
0.203887
0.883279
0.373517
0.257351
1.29865
0.957253
1.23683
0.0883284
0.0874491
0.0883284
0.257351
0.502455
0.257351
0.345679
0.0874491
0.461238
0.175777
0.175777
0.0883284
0.0883284
0.461238
0.203887
0.0874491
0.643075
0.554746
0.257351
0.257351
0.3448
0.257351
0.257351
0.345679
0.257351
0.345679
0.373789
0.433128
0.257351
0.345679
0.577969
0.46241
0.203887
0.203887
0.203887
0.203887
0.203887
0.203887
0.373225
0.203887
0.203887
0.203887
0.373225
0
0.3448
0.433128
0.116731
0.3448
0.433128
0.433128
0.49052
0
0.203887
0
0.257351
0.3448
0
0.3448
0.549859
0.433128
0.3448
0.840815
0.3448
0.532543
1.09135
0.257351
0.0874491
0.514137
0.893952
0.433128
0.48559
0.3448
0.461238
0.602321
0.345679
0.48559
0.3448
0.433128
0.789771
0.433128
0.433128
0.433128
0.320618
0.461531
0.514137
0.3448
0.643075
0
0.812412
0.554746
0.554746
0.554746
0
0.433128
0.0874491
0.3448
0.433128
0.433128
0.0874491
0.671185
0.554746
0.573918
0.48559
0.606745
0.385724
0.634855
0.514137
0.818318
0.719197
0.433128
0.175777
0.634855
0.514137
0.3448
0.433128
0.3448
0.3448
0.49052
0.257351
0.671185
0.3448
0.3448
0.673333
0.3448
0.373789
0.671185
0.175777
0.0874491
0.413834
0.0874491
0.620871
0.61002
0.461238
0.3448
0.573918
0.413834
0.671185
0
0
0.0874491
0.0874491
0.0874491
0
0.175777
0.175777
0.175777
0.203887
0
0.203887
0.3448
0.345679
0.566245
0.433128
0.654574
0.116438
0.654574
0.799415
0.654574
0.771305
0.514137
0.292509
0.566245
0
0.257351
0.3448
0.433128
0.48559
0.730088
0.729712
0.433128
0.298275
0.3448
0
1.14562
1.34307
0.175777
0.116438
0.116438
0.3448
0.116731
0.433128
0.48559
0.0874491
0.0874491
0.116731
0.116438
0.345679
0.48559
0.175777
0.175777
0
0.0874491
0
0
0
0.530565
0.583171
0.413834
0.671185
0.373225
0.413834
0.203887
0.116438
0.414127
0.413834
1.19952
0.413834
0.175777
0.413834
0.567125
0.426688
0.3448
1.34424
0.532543
0.0874491
0.3448
0.48559
0.3448
0.175777
0.268849
0.3448
0.673333
0.940034
0.3448
0.433128
0.0883284
0.823596
0.345679
0.461531
0.0874491
0.433128
0.549859
0.48559
0.671185
0.478796
0.3448
0.3448
0.3448
0.3448
0.3448
0.0874491
0.0874491
0.554746
0.3448
0.3448
0.433128
0.3448
0.3448
1.01549
0.116438
0.673333
0.613649
0.175777
0.257351
0.175777
0.3448
0.514137
0.256786
0.671185
0.577969
0.233169
0.175777
1.17912
0.3448
0.461531
0.175777
0.297396
1.06361
0.48559
0.0874491
0.433128
0.834002
0.433128
0.345679
0.257351
0.461238
1.02503
0.257351
0.233169
0.0874491
0.606745
0.606745
0
0.0874491
0.209947
0.461238
0.413834
0.203887
0.0874491
0.292509
0.0874491
0.789771
0.3448
0.620871
0.549859
1.14081
0.903705
0.571023
0.875595
0.787266
0.670535
0.0874491
0.875595
0.643075
0.3448
0.0874491
0.0874491
0.3448
0.461238
0
0.789771
0.670535
0.875595
0.3448
0.673333
0.0874491
0.3448
0.606922
0.0874491
0.433128
1.36029
0.0874491
0
0.840522
0.840522
0.840522
0.840522
0.0874491
0.292509
1.36029
0.0874491
1.15034
0.0874491
0.461238
0.433128
0.461238
0.549859
0.0874491
0.56075
0.175777
0.3448
0.957781
0.3448
0.175777
0.461238
0.0874491
0.0874491
0.175777
0.175777
0.320618
0.175777
0.175777
0.0874491
0.175777
0.3448
0.175777
0.203887
0.175777
0.257351
0.3448
0.514137
0.3448
0.673333
0.433128
0.461238
0.549859
0.840522
0.789771
1.14095
1.05499
0.3448
0.999718
0.257351
0.3448
0.0874491
0.0874491
0.643075
0.3448
0.203887
0.203887
0.0874491
0.0874491
0
0.0874491
0.0874491
0.549859
0.385724
0.0874491
0.0874491
0.203887
0.3448
0.0874491
0.994458
0.0874491
0.3448
0.203887
0.433128
0.515016
0.203887
0.175777
0.515016
0.3448
0.0874491
0.3448
0.461238
0.461238
0.3448
0.48559
0.936405
0.413834
0.840522
0.39163
0.461238
0.461238
1.55291
0.61002
0.3448
0.116438
0.0874491
1.00016
0.257351
0.0874491
0
0.461238
0.911827
0.3448
0.3448
1.17912
0.256786
0.256786
0.3448
0.489956
0.86488
0.461846
0.671185
0.203887
0.532543
0.3448
0.0874491
0.461238
0.461238
0.175777
0.175777
0.373789
0.577969
0.461238
0.3448
0.461238
0.461238
0.461238
0.596317
0.203887
0.3448
0.3448
0.3448
0.0874491
0.461238
0.894592
0.461238
0.597197
0.461238
0.175777
0.175777
0.3448
0.461238
0.175777
0.3448
0.461238
0.3448
0.673333
0.0883284
0.385724
0.320618
0.0874491
0.203887
1.28023
1.1109
1.1109
1.08279
0.573918
0.48559
1.08279
1.157
0.48559
0.994458
1.1109
1.12132
0.893952
1.25212
0.761661
0.573918
1.1109
0.761661
1.37975
0.777514
0.8781
0.573918
0.514579
0.783865
0.789771
0.602028
0.777514
0.673333
0.673333
0.893952
1.1638
1.28023
0.743255
0.859694
0.673333
0.761661
0.48559
1.1109
0.673333
0.761661
0.48559
0.573918
0.573918
1.02688
0.789771
0.602028
0.789771
0.573918
0.761661
0.602028
1.02688
0.673333
0.602028
0.743255
1.14332
0.48559
0.48559
0.673333
0.842768
0.573918
0.789771
2.18564
0.602028
1.26331
0.789771
1.37975
0.811975
0.870878
0.48559
0.754439
0.870878
0.486469
0.870878
0.870878
0.48559
0.573918
0.695536
0.870878
0.573918
0.870878
0.870878
0.870878
0.573918
0.573918
0.695536
0.573918
1.57726
0.870878
0.754439
0.870878
0.754439
0.870878
0.573918
0.783865
0.870878
0.870878
0.811975
0.811975
0.754439
0.870878
0.789771
0.783865
0.870878
0.573918
0.870878
0.870878
0.870878
1.3193
0.870878
0.48559
0.870878
0.754439
0.870878
0.203887
0.870878
1.03051
0.870878
0.761661
0.573918
0.870878
0.870878
0.761661
0.398141
0.48559
0.783865
0.877026
0.789771
0.783865
0.48559
0.754439
0.602028
0.48559
0.888624
0.48559
0.783865
0.486469
0.994458
0.514579
0.783865
1.26331
0.602028
0.783865
0.702322
0.3448
0.561532
0.573918
0.695536
0.771365
0.6032
0.602028
0.561532
0.789771
0.398141
0.602028
0.673333
0.398141
0.48559
0.573918
0.573918
0.561532
0.673333
0.673333
0.48559
0.673333
0.673333
0.761661
0.761661
0.573918
0.48559
0.514579
0.673333
0.789771
0.48559
0.842768
0.754439
0.573918
0.48559
0.573918
0.573918
1.12756
0.842768
0.561532
1.1109
0.573918
0.398141
0.789771
0.48559
1.21012
0.754439
0.602028
0.971608
0.573918
0.573918
0.783865
0.561532
0.602028
0.48559
0.48559
0.942182
0.602028
0.690649
0.48559
0.602028
0.573918
0.561532
0.602028
0.602028
0.602028
0.602028
0.573918
0.573918
0.48559
0.573918
0.783865
0.48559
0.48559
1.1109
0.695536
0.67343
0.561532
0.602028
0.994458
0.486469
0.561532
0.761661
0.602028
0.602028
0.561532
0.573918
0.48559
0.907009
0.48559
0.695536
0.789771
0.602028
0.602028
0.48559
0.573918
0.602028
0.573918
0.561532
0.561532
1.05862
1.05862
0.573918
0.561532
0.461238
0.654927
0.48559
0.573918
1.48503
0.48559
0.561532
0.690357
0.573918
0.561532
0.48559
0.573918
0.48559
0.573918
0.573918
0.573918
0.561532
0.514579
0.602028
0.754439
0.602028
0.602028
0.573918
0.602028
0.573918
0.602028
0.573918
0.695536
0.48559
0.690357
0.602028
0.888155
0.48559
0.461238
0.48559
0.883279
0.514579
0.398141
1.40792
0.66699
0.486469
0.811975
0.573918
0.783865
0.771365
0.602028
0.673333
0.48559
0.602028
0.602028
0.486469
0.573918
0.398141
0.690649
0.48559
0.673333
0.602028
0.48559
0.602028
0.398141
0.673333
1.07637
0.561532
0.48559
0.783865
0.48559
0.602028
0.398141
0.573918
0.398141
0.70154
0.602028
0.573918
0.573918
0.602028
0.486469
0.48559
0.433128
0.48559
0.573918
0.48559
0.573918
0.48559
0.602028
0.48559
0.602028
0.48559
0.602028
0.602028
1.28143
1.26302
0.48559
0.655806
0.789771
0.761661
0.761661
0.789771
0.561532
0.486469
0.486469
0.602028
0.573918
0.811975
0.48559
0.48559
0.602028
1.00506
1.18629
0.573918
1.05271
0.755319
1.14095
0.789771
0.602028
0.842768
0.66699
1.06956
0.561532
0.48559
1.27374
0.965265
0.48559
0.87205
1.157
0.66699
1.157
0.754439
0.842768
0.48559
0.783865
0.48559
0.48559
0.755319
0.602028
0.842768
0.87205
0.965265
0.878392
0.755319
0.673333
1.1109
0.673333
0.789771
0.398141
0.48559
1.0759
0.864273
0.602028
0.761661
0.673333
0.971608
0.761661
0.673333
0.789771
0.573918
0.789771
0.960757
0.573918
0.573918
0.789771
0.789771
0.561532
0.811975
0.486469
0.573918
0.870878
0.761661
1.07584
1.79321
0.486469
0.48559
0.761661
0.771365
0.987609
0.573918
0.654927
0.573918
0.602028
0.48559
0.573918
0.398141
0.573918
0.761661
0.761661
0.48559
0.602028
0.602028
0.48559
0.674212
0.573918
0.783865
0.48559
1.1109
0.573918
0.602028
0.48559
0.398141
0.994458
0.573918
0.48559
0.602028
0.573918
0.486469
0.48559
0.573918
0.514579
0.48559
0.573918
0.842768
0.48559
0.573918
0.602028
1.05862
0.602028
0.398141
0.203887
0.398141
0.783865
0.486469
0.48559
0.48559
0.0874491
0.573918
0.976953
0.48559
0.48559
0.48559
0.690357
0.761661
0.602028
0.673333
0.602028
0.673333
0.48559
0.695536
0.673333
0.971608
1.0759
0.649861
0.602028
0.783865
0.959499
0.811975
0.573918
0.811975
0.561532
0.573918
0.602028
0.48559
0.602028
0.48559
0.573918
0.48559
0.48559
0.514579
0.573918
0.602028
0.398141
0.783865
1.46837
0.486469
0.561532
0.602028
0.573918
1.09945
0.602028
0.48559
0.649861
0.783865
0.673333
0.690649
0.48559
0.3448
0.48559
0.690357
0.48559
0.673333
0.398141
0.48559
0.48559
0.573918
0.486469
0.573918
0.486469
0.690357
0.573918
0.573918
0.602028
0.649861
0.573918
0.867248
0.48559
0.602321
0.514579
0.573918
0.48559
0.573918
0.649861
0.486469
0.573918
0.514579
0.602028
0.783865
0.602028
0.573918
0.486469
0.573918
0.602028
0.783865
0.48559
0.573918
0.48559
0.573918
0.48559
0.48559
0.573918
0.573918
0.398141
0.573918
0.573918
0.573918
0.789771
0.772845
0.573918
0.573918
0.702322
0.573918
0.444312
0.994458
0.994458
0.585102
0.486469
1.08279
0.673333
0.585102
0.994458
1.08279
0.994458
0.514579
0.48559
0.514579
0.994458
0.783865
0.3448
0.994458
0.3448
0.573918
0.573918
0.573918
0.585102
0.573918
0.959499
0.48559
0.761661
0.48559
1.27391
0.48559
0.573918
0.48559
0.573918
0.48559
0.48559
0.573918
0.573918
0.48559
1.09368
0.573918
0.573918
0.602028
0.48559
0.48559
0.573918
0.602028
0.514579
0.48559
0.649861
0.48559
0.48559
0.789771
0.48559
0.893952
0.48559
0.398141
0.398141
0.602028
0.398141
0.573918
0.363521
0.602028
1.1109
0.772845
0.398141
0.772845
0.398141
0.602028
0.48559
0.573918
0.602028
0.48559
0.602028
0.959499
0.602028
0.48559
0.48559
0.48559
0.444312
0.585102
0.690649
0.48559
0.573918
0.754439
0.573918
0.602028
0.959499
0.959206
0.48559
0.585102
0.718759
0.807088
0.959206
1.07594
1.07594
1.07594
1.07594
1.07594
0.783865
0.602028
0.602028
0.48559
0.602028
0.48559
0.48559
0.602028
0.602028
0.602028
0.602028
0.602028
0.602028
0.602028
0.811975
0.602028
0.602028
0.695536
0.48559
0.602028
0.48559
0.602028
0.811975
0.602028
0.602028
0.573918
0.602028
0.602028
0.602028
0.602028
0.602028
0.602028
0.48559
0.602028
0.602028
0.48559
0.602028
0.48559
0.602028
0.48559
0.602028
0.602028
0.48559
0.602028
0.48559
0.695536
0.48559
0.48559
0.48559
0.48559
0.48559
0.48559
0.602028
0.811975
0.48559
0.48559
0.48559
0.48559
0.649861
0.48559
0.602028
0.573918
0.602028
0.48559
0.573918
0.690357
0.602028
0.573918
0.602028
0.48559
0.486469
0.602028
0.865843
0.203887
0.48559
0.573918
0.761661
0.573918
0.48559
0.398141
0.573918
0.573918
0.48559
0.673333
0.811975
0.649861
0.602028
0.602028
0.48559
0.602028
1.09368
0.48559
0.585102
0.783865
0.602028
1.09945
0.573918
1.00623
0.48559
0.585102
0.602028
0.585102
0.602028
0.398141
0.573918
0.573918
0.48559
0.48559
0.48559
0.649861
0.48559
0.48559
0.573918
0.999718
0.48559
0.48559
0.48559
0.573918
1.26302
0.0874491
0.48559
0.783865
0.783865
0.761661
0.783865
1.09368
0.602028
0.649861
0.754439
0.585102
0.48559
0.649861
0.573918
0.573918
0.695536
0.48559
0.789771
0.48559
0.573918
0.585102
0.48559
1.08279
0.789771
0.48559
0.48559
0.48559
0.48559
0.789771
0.573918
0.789771
0.514579
0.789771
0.573918
0.573918
0.573918
0.48559
0.573918
0.573918
0.48559
0.48559
0.811975
0.755319
0.486469
0.655806
0.87205
0.48559
0.573918
0.48559
0.573918
0.573918
1.29119
0.573918
0.602028
0.573918
0.48559
0.398141
0.649861
0.649861
0.48559
0.398141
0.561532
0.865843
0.789771
0.789771
0.3448
0.789771
0.690357
0.690357
0.573918
0.690357
0.690357
0.573918
0.398141
0.573918
0.573918
0.690357
0.573918
0.573918
0.573918
0.690357
0.573918
0.690357
0.690357
0.573918
0.398141
0.602028
0.573918
0.561532
0.690357
0.48559
0.690357
0.398141
0.602028
0.48559
0.761661
0.789771
0.789771
0.48559
0.602028
0.602028
0.48559
0.561532
0.695536
0.649861
0.654927
1.38552
0.690357
0.690357
0.690357
0.690357
0.690357
0.690357
0.690357
0.573918
0.649861
0.573918
0.690357
0.602028
0.690357
0.690357
0.573918
0.690357
0.573918
0.649861
0.867248
0.48559
0.398141
0.602028
1.40792
0.649861
0.573918
0.573918
0.772537
0.754439
0.783865
0.573918
0.783865
0.48559
0.514579
0.602028
0.602028
0.789771
0.602028
0.573918
0.573918
0.3448
0.783865
0.573918
0.789771
0.514579
0.789771
0.486469
0.573918
0.48559
0.48559
0.48559
0.573918
0.602028
0.971608
1.24046
0.811975
0.585884
0.690357
1.40792
0.48559
0.789771
0.811975
0.695536
0.673333
0.690649
1.26302
0.48559
0.573918
0.486469
0.573918
0.398141
0.789771
0.398141
0.48559
0.486469
0.48559
0.514579
0.602028
0.48559
0.48559
0.602321
0.573918
0.649861
0.48559
0.514579
0.48559
0.573918
0.48559
0.48559
0.573918
0.789771
0.602028
0.48559
0.690649
0.673333
0.573918
0.48559
0.789771
0.761661
0.789771
0.673333
0.971608
0.48559
0.777514
1.22763
0.48559
1.49018
1.60691
0.994458
0.748786
0.684646
0.0874491
0.532858
1.06334
0.0874491
1.67831
0.175777
0.650944
0.578812
0.532543
0.275192
0.413834
0.853668
0.175777
0.853983
0.532543
0.490484
0.433128
1.04773
1.09323
1.43003
0.175777
0.363521
0.433128
0.976502
1.30869
1.23385
0.444529
0.789771
1.02391
1.14552
0.203887
1.04773
0.275192
0.946851
1.04773
0.562616
0.0874491
0.673333
1.45076
0.0874491
0.767676
1.11889
0.490484
0.765712
1.11133
0.292509
0.673333
0.765712
0.175777
0.461846
0.292509
0.649274
0.765712
1.68738
0.70043
0.292509
0.818611
0.175777
0.606745
0.0874491
0.620871
0.275192
0.345115
0.765712
1.00645
0.0874491
0.175777
0.817161
0.175777
0.502455
0.777514
0.648981
0.175777
0.695543
0.0874491
0.275192
0.0874491
0.175777
0.20418
0.557729
0.0874491
0.175777
1.5788
0.175777
0.606745
0.440998
0.695543
0.175777
0.292509
0.648981
0.606745
0.275192
0.9336
0.414127
0.292509
0.607215
0.859535
1.36885
1.11689
0.345115
1.02301
0.776082
1.62421
0.175777
0.3448
1.22118
1.22806
0.893049
0.776082
1.75272
0.853668
0.292509
1.00016
0.345115
0.256786
0.859987
0.911827
0.853668
1.22806
1.22118
0.790209
1.07483
0.853668
0.175777
1.43801
0.345115
1.22806
0.345115
0.853668
0.175777
0.502455
0.466733
0.256786
0.602466
0.256786
0.959048
1.11689
1.02301
0.0874491
0.20418
0.203887
0.175777
0.3448
0.0874491
0.0874491
0.562616
0.816869
0.433128
0.649274
0.532543
0.578812
0.275192
0.440998
0.532543
0.275192
0.532543
0.0874491
0.690198
0.345115
0.0874491
0.952894
0.413834
0.175777
0.175777
0.0874491
0.0874491
0.3448
0.292509
0.620871
0.532543
0.20418
0.3448
0.0874491
0.3448
0.203887
0.3448
0.20418
0.549859
0.3448
0.461238
0.3448
0.3448
0.3448
0.3448
0.461531
1.00978
0.203887
0.3448
0.532543
0.532543
0.648981
0.532543
0.3448
0.175777
0.175777
0.175777
1.32574
0.275192
0.0874491
0.413834
0.175777
0.70043
0.175777
0.788759
0.461846
0.0874491
0.461846
0.297396
0.175777
0.292509
0.788759
0.175777
0.0874491
0.502455
0.788759
0.175777
0.0874491
0.175777
0.20418
0.275192
0.70043
0.878392
0.433128
0.385724
0.532543
0.530565
0.0874491
0.175777
0.70043
0.643075
1.16284
0.320618
0.292509
0.502455
0.292509
0.292509
0.175777
0.175777
0.363521
0.0874491
1.08834
1.05761
1.46612
0.578812
0.175777
0.578812
0.175777
0.878392
0.292509
0.690198
0.440998
0.175777
1.08834
0.0874491
0.557729
0.577969
0.0874491
0.292509
0.175777
1.08279
0.175777
0.502455
1.53389
0.0874491
0.0874491
1.00978
0.650944
0.838687
0.3448
0.0874491
1.00978
0.0874491
0.549859
0.433128
0.0874491
0.3448
0.480252
0.60187
0.363521
0.292509
0.549859
0.175777
0.480252
0.480252
0.363521
0.80472
0.767676
0.620871
0.0883284
0.480252
0.345115
0.175777
0.3448
0.461846
0.345115
0.3448
0.578812
0.345115
0.414127
0.561358
0.817161
0.750359
0
0.175777
0.175777
0.413834
0.175777
0.275192
0.20418
0.297396
0.175777
0.502455
0.502455
0.175777
0.415006
0.175777
0.203887
0.0874491
0.292509
0.3448
0.175777
0.414127
0.175777
0.292509
0.292509
0.502455
0.502455
0.292509
0.490014
0.502455
0.415006
0.175777
0.490484
0.502455
0.292509
0.0874491
0.0874491
0.607215
0.957781
0.292509
0.433128
0.292509
0.0874491
1.35058
0.203887
0.203887
0.292509
0.3448
0.20418
0.175777
1.14064
0.175777
0.0874491
0.175777
0.175777
0.620871
0.532543
0.3448
0.203887
0.737602
0.70043
0.175777
0.175777
0.203887
0.737602
0.0874491
0.292509
0.175777
0.650944
0.292509
0.275192
0.0874491
0.502455
0.413834
0.70043
0.175777
0.292509
0.502455
0.557729
0.292509
0.413834
0.292509
0.203887
0.90549
0.203887
0.292509
0.175777
0.871965
0.292509
0.292509
0.0874491
0.480252
0.620871
0.818611
0.292509
0.573467
0.363521
0.363521
0.363521
0.363521
0.292509
0.0874491
0.0874491
0.363521
0.363521
0.80472
0.573467
0.363521
0.0874491
0.0874491
0.0874491
0.690198
0.363521
0.0874491
0.906502
0.175777
0.90549
0.203887
0.203887
0.0874491
0.175777
0.298275
0.0874491
0.0874491
0.0874491
0.818611
0.175777
0.203887
0.70043
0.203887
0.175777
0.0874491
0.175777
0.175777
0.607215
0.175777
0.490484
0.649274
0.175777
0.765712
0.765712
0.765712
0.649274
0.649274
0.649274
0.859221
0.765712
0.765712
0.649274
1.12444
0.649274
0.737602
0.765712
0.649274
0.649274
0.649274
0.765712
0.765712
0.765712
0.737602
0.649274
0.765712
0.765712
0.649274
0.765712
0.649274
0.906502
0.765712
0.649274
1.12444
0.649274
0.765712
0.737602
1.00978
0.737602
0.649274
0.947549
0.649274
0.765712
0.649274
0.649274
0.649274
0.649274
0.649274
0.765712
1.24088
0.765712
0.649274
0.765712
0.649274
0.765712
0.649274
0.765712
0.765712
0.871965
0.765712
0.859221
0.649274
0.765712
0.765712
0.649274
0.765712
0.765712
0.649274
0.975659
0.649274
0.765712
0.906502
0.765712
0.765712
0.765712
0.765712
0.765712
0.859221
0.649274
0.859221
0.765712
0.649274
0.0874491
0.649274
1.12444
1.36654
0.649274
1.35058
1.48298
0.765712
0.765712
0.649274
0.649274
0.765712
0.0874491
0.297396
0.20418
0.175777
0.292509
0.0883284
0.0874491
0.292509
0.3448
0.292509
0.292509
0.292509
0.433128
0.175777
0.549859
0.292509
0.292509
0.292509
0.433128
0.297396
0.203887
0.175777
0.440998
0.0883284
0.203887
0.175777
0.275192
0.0883284
0.0874491
0.461531
0.679347
0.562616
0.502455
0.502455
1.37375
0.175777
0.292509
0.0874491
0.0874491
0.205059
0.292509
0
0.489956
0.352669
0.0874491
0.175777
0.0874491
0.175777
0.776082
0.0874491
0
0.0874491
0.490484
0.414127
0.297396
0.817161
0.555061
1.00978
0.175777
0.175777
0.203887
0.256786
0.466733
0.203887
0.70131
0.203887
0.205059
0.297396
0.203887
1.05873
0.203887
0.203887
0.385724
0.767676
0.20418
0.549859
0
0.205059
0.175777
0.385724
0.256786
0.203887
0.292509
0.205059
0.680226
0.723653
0.203887
1.00978
0.175777
0.502455
0.385724
0.723653
1.776
1.05873
0.203887
0.256786
0.20418
0.853668
0.20418
1.26867
0.921451
0.20418
0.0874491
0.0874491
0.941997
0.461846
0.175777
0.175777
0.853668
0.723653
0.596317
0.203887
0.175777
0.853668
0.853668
0.0874491
0.20418
0.0874491
0.256786
0.175777
0.20418
0.0874491
0.203887
0.941997
0.175777
0.292509
0.20418
0.784516
0.0874491
0.0874491
0.385724
0.385724
0.292509
0.606745
0.0874491
1.00978
0.203887
0.297396
0.385724
0.0874491
0.0874491
0.502455
0.175777
0.203887
0.502455
0.0874491
0.502455
0.0874491
0.292509
0.175777
0.292509
0.0874491
0.297396
0.203887
0.414127
0.502455
0.292509
0.297396
0.759806
0.385724
0.292509
0.385724
0.203887
0.0874491
0.203887
0.203887
0.203887
0.203887
0.203887
0.297396
0.203887
0.385724
0.203887
0.203887
0.203887
0.203887
0.788759
0.203887
0.414127
0.203887
0.203887
0.947549
0.0874491
0.175777
0.203887
0.175777
0.893049
0.292509
0.175777
0.893049
0.578812
0.175777
0.0874491
0.292509
0.175777
0.292509
0.175777
0.414127
0.578812
0.292509
0.385724
0.292509
0.0874491
0.90549
0.502455
1.29524
0.292509
0.175777
0.175777
0.3448
0.203887
0.0874491
0.0874491
0.519766
0.0874491
0.0874491
0.175777
0.203887
0.203887
1.04706
0.175777
0.695543
0.80472
0.921451
0.0874491
0.532543
0.649274
0.203887
0.0874491
0.0874491
0.0874491
0.203887
0.0874491
0.0874491
0.0874491
0.203887
0.175777
0.502455
0.352669
0.532543
0.175777
0.175777
0.292509
0.175777
0.0874491
0.175777
0.679054
0.175777
0.175777
0.0874491
0.175777
0.175777
0.0874491
0.0874491
0.175777
0.175777
0.175777
0.0874491
0.292509
0.175777
0.175777
0.175777
0.502455
0.841784
0.0874491
0.292509
0.0874491
0.20418
0.695543
1.29068
0.175777
0.502455
0.695543
0.947549
1.08279
0.578812
0.502455
0.175777
0.320618
0.320618
0.578812
0.921158
0.461531
0.175777
0.292509
0.292509
0.783344
0.0874491
0.292509
0.0874491
0.900075
0.175777
0.871965
0.0874491
0.175777
0
0.385724
0.275192
0.20418
0.0874491
0.292509
0.297396
0.433128
0.530565
0.175777
0.729712
0.292509
0.0874491
0.0883284
0.0874491
0.175777
0.0874491
0.893049
0.175777
0.203887
0.203887
0.203887
0.292509
0.175777
0.648981
0.475167
0.0874491
0.175777
0.175777
0.502455
0.0874491
0.48559
0.297396
0.205059
0.203887
0.203887
0.0874491
1.00978
0.0874491
0.175777
0
0.413834
0.783344
0.414127
0.783344
0.175777
0.878392
0.0874491
0.0874491
0.0874491
0.0874491
0.0874491
0.175777
0.175777
0.415006
0.0874491
0.0874491
0.415006
0.0874491
0.0874491
0.292509
0.0874491
0.502455
0.20418
0.292509
0.413834
0.0874491
0.0874491
0.0874491
0.175777
0.175777
0.557729
0.175777
0.175777
0.297396
0.20418
0.175777
0.490014
0.175777
0.175777
0.175777
0.175777
0.0874491
0.292509
0.175777
0.175777
0.0874491
0.175777
0.0874491
0.0874491
0.320618
0.175777
0.20418
0.256786
0.549859
0.952894
0.20418
0.690649
0.502455
0.385724
0.175777
0.480252
1.16828
0.203887
0.433128
0.292509
0.203887
0.788759
0
0.175777
0.695543
0.175777
0.175777
0.0874491
0.292509
0.767676
0.767676
0.578812
0.0874491
0.0883284
0.0883284
0.698349
0.203887
0.871965
0.0874491
0.0874491
0.352669
0.555061
0.466733
1.0413
0.292509
0.414127
0.292509
0.0883284
0.292509
0.9336
0.402565
0.0874491
0.0874491
0.20418
0.292509
0.175777
0.0874491
0.0883284
0.0883284
0.0874491
0.502455
0.0874491
0.433128
0.175777
0.502455
0.606745
0.679054
0.0874491
0.0883284
0.0874491
0.292509
0.116731
0.353549
0.205059
0.414127
0.292509
0.0874491
0.205059
0.606745
0
0.20418
0.0874491
0.0874491
0.907009
0.907009
0.602321
1.1109
0.444529
0
0.0995122
0.673333
0.0995122
0.84267
0.707606
0.878392
0.707606
0.473811
0.777116
0.445094
1.47893
0.473811
0.175777
0.345115
0.444529
0.473811
0.3448
0.620871
0.941997
0
0
0.0874491
0.116731
0.256786
0.561358
0.0874491
0.116731
0.256786
0
0
1.20723
0
0.373517
0.256786
0
0
0.671793
0.0883284
0
0.0874491
0.256786
0.373517
0.612981
0.922331
0.169337
0.256786
0.0874491
0.292509
0
0.169337
0.169337
0
0.373517
0.256786
0.257666
0.256786
0.0874491
0.0874491
0.612981
0.0874491
0.0874491
0.0874491
0.391923
0.391923
0.187743
0.187743
0.169337
0.561358
0.60187
0.175777
0.187743
0.0874491
0.391923
0.39769
0.275192
0.461846
0.276071
0.275192
0.187743
1.1109
0.187743
0.187743
0.187743
0.187743
0.275192
0.491435
0.187743
0.187743
0.175777
0.0883284
0.0883284
0.187743
0.256786
0.39769
0.690198
0.275192
0.187743
0.373517
0.916265
0.169337
0.0874491
0.0874491
0.116731
0.444627
0.169337
0
0.256786
0.561358
0.345115
0.689103
0
0.256786
0.256786
0.169337
0.491363
0.116731
0
0
0.169337
0.373517
0.257666
0.256786
0.169337
0.233169
0
0.169337
0
0
0.256786
0.268849
0
0.205059
0.0874491
0.268849
0
0.612981
0.0874491
0.374397
0.257666
0.20418
0.205059
0.0883284
0.737602
1.09368
0.205059
0.373225
0.116731
0.257666
0
0.0883284
0.116438
0.357178
0.116731
0.444627
0.257666
0.0883284
0.286068
0.116731
0
0.116731
0.374397
0
0.373517
0
0.116731
0.461846
0.89905
0.444627
0.0874491
0.373517
0.116731
0.116731
0.304572
0.561358
0.0883284
1.71173
0
0.374397
0
0.286068
0
0
0.205059
0.187743
0.304474
0.116438
0
0
0.994458
0.169337
0.116438
0
0.233169
0.357178
0.357178
0.116438
0.89905
1.1638
0.233169
0.345115
0.994458
0.27529
0.116731
0
0.205059
0.187743
1.02175
0.116731
0.39769
0.187743
0.187743
0
0.187743
0.304474
0.304474
0.292509
0.391923
0.0883284
0.618711
0.602749
0.205059
0.0883284
0.707039
0.816869
0.175777
0.169337
0
0
0.286068
0.169337
0.89905
0
0
0.116731
0.169337
0.169337
0.257666
0
0
0.0874491
0
0.976953
0.116438
0.169337
0.434558
0.0874491
0.116731
0.169337
0.353549
0.357178
0.233169
0.473909
0.445094
0.169337
0.169337
0.345679
0.116731
0.169337
0.233169
0.0883284
0.375584
0.116438
0.650944
0
0.304572
0.0883284
0.169337
1.33814
0.286068
0
0.169337
0.0874491
0.116731
0.947549
0
0.0883284
0
0.297396
0.205059
0.216243
0.286068
0.169337
0.116731
0.689103
0.169337
0.256786
0.345679
0
0
0.782318
0.169337
0.345679
0.205059
0.116731
0.0874491
1.42648
1.84061
0.116438
0.486469
1.1647
0.169337
0.345679
0
0.169337
0.169337
0.233169
0.256786
0.257666
0.345679
0
0
0
0.257666
0.169337
0.286068
0.116438
0.707509
0.374397
0
0.169337
0.433128
0.116731
0.257666
0.569694
0.671793
0.257666
0
0.612981
0.205059
0.116731
0.257666
0
0.374397
0.116438
0.257666
0
0.116731
0.286068
0.175777
0.175777
0.116438
0.175777
0.48559
0.175777
1.00978
0
0.276071
0.893049
0.0883284
0.205059
0.203887
0.0883284
0.0874491
0.298275
0
0
0
0.116731
0.205059
0.433128
0.175777
0.0874491
0.116438
0.205059
0.707509
0.304474
0.116438
0.320618
0.175777
0.0883284
0
0.205059
0.649274
0
0
0.116731
0.673333
0.608094
0
0.689103
1.00334
0.169337
0.833709
0.169337
0
0.930999
1.00334
0.833709
1.09167
0
0
1.09167
0.169337
0.169337
0.89905
0.608094
0.203887
0.491363
0.0874491
0.205059
0
0.89905
0
0.169337
0.415006
0.286068
0.434558
0.89905
0
0.445094
0.402507
0.116731
0.0883284
0.257666
0.169337
0.0874491
0.834002
0.26522
0.345115
0.689103
0.286068
0.286068
0.345115
0.175777
0.352669
0.0874491
0.89905
0.612981
0.256786
0.403035
0.27529
0.292509
0.0874491
0.169337
0.89905
0.175777
0.987378
0.286068
0.782318
0.782318
0.169337
0.374397
0.0874491
0.0874491
0.256786
0.0874491
0
0
0.0874491
0.286068
0
0
0.0883284
0.695895
0.690065
0.169337
0.434558
0.20418
0.3448
0
0.660385
0.374397
0.169337
0
0.434558
0.20418
0.345115
0.70043
0.256786
0.169337
0.20418
0.39769
0.434558
0.286068
0.169337
0.26522
0.345115
0
0.987378
0.116731
0.169337
0.169337
0.782318
0.89905
0.0883284
0
0.461846
0.257666
0.0874491
0.0883284
0
0.0874491
0.612981
1.00334
0.169337
0
0
0.782318
0
0.286068
0
0.20418
0.175777
0.373517
0.0874491
0.205059
0.20418
0.0874491
0.89905
0.20418
0
0.729712
0.870332
0.0874491
0
0.256786
0.0874491
0.0874491
0.116731
0.116731
0.205059
0.286068
0.70131
0.373517
1.00334
0.169337
0.169337
0.689103
0.257666
1.09167
0.987378
0
0.89905
1.00334
0.89905
0.169337
0.169337
0.374397
0
0.27529
0.392021
0.782318
0.286068
0.89905
0.169337
1.00334
0.987378
0.689103
0.89905
0.169337
0.0874491
0
0
0.175777
0.0874491
1.08079
0.0874491
0
0.205059
0.292509
0.175777
0.175777
0.0883284
0.116731
0.292509
0.116731
0
0.0874491
0
0.175777
0.834002
0
0.385724
0
0.401686
0.461531
0.0874491
0.729712
0
0.0874491
0.187841
0.20418
0.0874491
0.116731
0.116731
0.175777
0.27529
0.175777
0.392021
0.3448
0
0
0.326678
0.0883284
1.16284
0.175777
0.612981
0.205059
0.0883284
0
0.175777
0.116731
0.175777
0.554746
0.0874491
0.0883284
0
0.20418
0.0883284
0.490484
0.0883284
0
0
0.0874491
0.413834
0
0.0874491
0
0
0.175777
0.834002
0.502455
0.0883284
0.175777
0.205059
0.0883284
0.298275
0.0883284
0
0.298275
0
0.0883284
0
0.0883284
0
0.0883284
0.0883284
0.205059
0.298275
0
0.209947
0.0883284
0.205059
0
0.0883284
0
0.0883284
0.0883284
0.298275
0.0883284
0.0883284
0
0.0883284
0.0883284
0.0883284
0.0883284
0.0883284
0.0883284
0
0.0883284
0.0883284
0.0883284
0
0.0883284
0.689103
0.205059
0.0883284
0.0883284
0.298275
0
0
0
0
0
0
0
0.169337
0
0.169337
0
0
0.116731
0.689103
0
0.203887
0.729712
0.729712
0
0.116731
0
0
0.89905
0.116731
0.434558
0
0.169337
0.169337
0
0.116731
0.169337
0
0.0874491
0
0.834002
0
0.834002
0.551289
0
0.0874491
0.27529
0
0.116731
0
0.116731
0.268849
0.27529
0
0
0.205059
0.612981
0.374397
0.257666
0.169337
1.40792
0.116731
0.256786
0.292509
0.257666
0.729712
0.257666
0
0.257666
0.374397
0.834002
0.257666
0.257666
0
0.6607
0
0.257666
0.257666
0.169337
0.116731
0.320618
0.257666
0.374397
0.374397
0.298275
0.0874491
0
0.116731
0.298275
0.0874491
0.205059
0.27529
0.175777
0.292509
0.3448
0.175777
0.461846
0.27529
0.729712
0.116731
0.639617
0
0.116731
0.116731
0.286068
0.286068
0.729712
0.116731
0.27529
0.116731
0.777431
0.729712
0.256786
0.392021
0
0.591898
0
0.205059
1.47893
0
0.761661
0.789771
0
0.673333
0
0
0
0.789771
0.673333
0.116731
0
0.0874491
0.673333
0.673333
0.673333
0.3448
1.02345
0
0.0883284
0.381951
0.573467
0.729712
0.187841
0.205059
0.298275
0.205059
0.187841
0.298275
0.298275
0.205059
0
0.0883284
0.205059
0.298275
0.205059
0.0883284
0.0883284
0
0.175777
0.0883284
0
0.934999
0
0.830818
0.116731
0.612981
0.0883284
0.0874491
0.834002
0
0.612981
0
0.612981
0.175777
0.169337
0.612981
0.0883284
0
0.729712
0.0883284
0.116731
0
0.0883284
0
0.0883284
0.205059
0
0
0
0
0.298275
0.0883284
0
0.0883284
0
0.205059
0.0883284
0.0883284
0.298275
0.298275
0.0883284
0.414127
0
0.0883284
0
0.209947
0.0883284
0.205059
0.0883284
0.398141
0.0883284
0
0.415006
0
0.298275
0.519296
0.0883284
0.0883284
0.205059
0.0883284
0.209947
0
0
0
0.298275
0.415006
0.0883284
0.205059
0.0883284
0
0.415006
0.519296
0.205059
0
0
0.0883284
0
0.205059
0.0883284
0.205059
0.0883284
0
0.612981
0.612981
0.116731
0.0883284
0.433128
0
0
0
0
0
0
0
0
0
0
0
0.0874491
0
0.116731
0.490484
0
0
0
0.116731
0.116731
0.20418
0
0.116731
0.20418
0
0.607215
0.292509
0.490484
0.205059
0.175777
0
0.612981
0.0883284
0.0883284
0.0883284
0
0
0.116731
0
0
0.116731
0.578812
0.175777
0.0874491
0.175777
0.175777
0.0874491
0.320618
0.233169
0.401686
0.0874491
0.502455
1.08079
1.05807
0.3448
0.957781
0.65504
0.175777
0.292509
0.374082
0.257351
0.467297
0.345679
0.345679
0.430675
1.03789
0.729712
0.116731
0.286068
0
0.0883284
0
0.0883284
0.86488
0.257666
0.0883284
0.461846
0.116731
0.381951
0.612981
0
0.205059
0.865843
0
0.729712
0
0
0
1.32084
1.49648
1.28023
1.85491
0.373789
1.17535
0.398141
0.585884
0.755221
0.398141
1.0879
0.87117
0.673333
1.05862
0.942182
0.84267
0.683916
0.116731
0.98839
1.05862
0.5262
0.0874491
1.05862
0.754439
0.585102
0.398141
0.673333
0.187743
0.0874491
0.870878
0.84267
1.57248
0.373789
0.203887
1.03518
0.48559
0.602028
0.673333
0.567478
0.585884
0.66699
1.30952
1.1109
0.602028
0.5262
0.673333
1.0879
0.942182
1.17535
1.46837
0.771365
1.04636
0.345679
0.398141
0.398141
0.0874491
0.461531
0.461238
0.3448
0.3448
1.39064
0.673333
0.3448
0.486469
1.23339
0.959499
0
0.673333
0.48559
0.3448
0.783429
0.514579
0.561358
0.403035
0.695536
0.673333
0.3448
0.673333
0.761661
0.585884
0.268849
0.257351
0
0.905053
0.257351
1.36253
0.893952
0
0.0874491
0.385288
0
0.285776
0
0.3448
0.673333
0.585884
0.68881
0.870878
0.818709
0.398141
1.19278
0
0.3448
0.789771
0.870878
0.175777
0.673333
0
0.5262
0.673333
0.630575
0.959499
0.543126
0.585884
0.673333
0.772845
0.257351
0.673333
0.256786
0
0.0874491
0.87205
0.754439
0.48559
0.754439
0.842768
0.48559
0.842768
0.3448
0.673333
0.567478
0.870878
0.3448
0.374082
0.754439
0.0874491
0.842768
0.673333
1.35719
0.87205
0.257351
0.445094
0.87205
0.602466
1.18629
0.754439
0
0.345679
0.0874491
0.614529
1.08279
1.14724
0.585884
1.14724
0.345679
0.685396
0.673333
0.87205
0.398141
0.345679
0.673333
0.48559
0.73126
0.257351
0.959499
0.674212
0.585884
0.66699
0.345679
0.345679
0.345679
1.14724
0
0.87205
0.602466
0.87205
0.48559
0.87117
0.0874491
0.730088
0.3448
0.187743
0.268849
0.561358
0.385724
0.48559
1.58932
0.73126
0.385724
0.5262
1.082
0.0874491
0.205059
0.701978
0.257351
0.649372
0.186961
0
0.3448
0.392021
0.649372
0.27529
0
0.392021
0.795055
0.0874491
0.508459
0.461238
0.53264
0.392021
0.392021
0
0.48559
0.977904
0.508459
0.649372
0.53264
0.3448
0.392021
0.53264
0
0.0874491
0.392021
0.303692
0.577969
0.508459
0.48559
0.0874491
0.66699
0.981605
0.994458
0.48559
0.608087
0.175777
0.702322
0.257351
0.0874491
0.585884
0.48559
0.730822
0.373789
0.398141
0.761661
0.602028
0.0874491
0.461238
0.561358
0.0874491
0.573918
0.673333
0.585884
0.398141
0.3448
0.573918
0.257351
0.754439
0.870878
0.48559
0.0874491
0.461238
0.461238
0
0.3448
1.36029
0.398141
0.48559
0.673333
0.555626
0.0874491
0.0874491
0.0883284
0.0883284
0.357178
0.673333
0.0883284
0.175777
0.175777
0.0883284
0.398141
0.175777
0.257351
0.514579
0.175777
0.602028
0.0874491
0.48559
1.08279
0.0874491
0.947113
0.0874491
0.0874491
0.0874491
0.585884
0.0874491
0.0874491
0.673333
0
0.48559
0.116731
0.0883284
0.3448
0.84267
0.48559
0.48559
0.3448
0.864096
0.203887
0.84267
0.433128
0.929143
0.3448
0.398141
0.257351
1.1109
0.3448
0.0874491
0.0883284
0.602028
0.203887
1.26713
0.514579
0.398141
0.3448
0.433128
0.514137
0.3448
0.3448
0.673333
0.175777
1.66071
0.203887
0.84267
0.6032
0.519473
0.48559
0.602028
0.257351
0.585884
0.0874491
0.602028
0.363521
0.585884
0.116438
0.0874491
0.557729
0.84267
0.48559
0.98839
0.257351
0.48559
0.3448
0.116438
0.48559
0.3448
0.974094
1.06242
0.0874491
0.48559
0.753073
1.14987
0.974094
0.0874491
0.974094
1.49648
0.659857
0.748186
0.0874491
0.3448
0
0.48559
1.14987
0.426688
0.0874491
0.0874491
0.945984
0.257351
0.0874491
0
0.398141
0.514579
0.461238
0.398141
0.398141
0.3448
0.257351
0.398141
0.20418
0.257351
0.0874491
0.46241
0.398141
0.461238
0.257351
0.257351
0
0.398141
0
0.257351
0.0874491
0.116438
0.116731
0
0.48559
0
0.959499
0.233169
0.233169
0.257351
0.790064
0.257351
0.20418
0.233169
0
0.373789
0.398141
0.48559
0
0
0.573918
0.3448
0.257351
0.116438
0.602028
0.0874491
0.48559
0.0874491
0.398141
0.175777
0.48559
0.602028
0
0.3448
0
0.0883284
0.649274
0.203887
0.648981
0.649274
0.532543
0.461238
0.649274
0.48559
0
0
0.203887
0.0874491
0.3448
0.257351
0
0.0874491
0.433128
0.63131
0.116438
0
0
0.461846
0.257351
0
0
0
0.0874491
0.257351
0.203887
0.673333
0.0874491
0.116438
0.602028
0.398141
0.257351
0.53407
0.48559
0.3448
0.486469
0
0.3448
0.489956
0.373225
0.461846
0.381659
0.0883284
0
0.0874491
0.0874491
0.203887
0.398141
0.0883284
0.20418
0
0.356299
0.257351
0.0874491
0.292509
0
0.673333
0.3448
0.3448
0.0874491
0.398141
0
0.3448
0
0.673333
0.0874491
0.373225
0.48559
0.373225
0.256786
0.0874491
0.673333
0.398141
0.203887
0.203887
0.48559
0.602028
0.48559
0.567478
0.800647
0.3448
0.683916
0.6032
0.63131
0.683916
0.461846
0.514872
0
0.602028
0.514872
0.514872
0.842768
0.398141
0.486469
0.433128
0
0.461846
0.398141
0.0874491
0.398141
0.573918
0.398141
0.0874491
0.0874491
0.3448
0.398141
0.398141
0.67343
1.57726
0.561043
0.356863
0.398141
0.0883284
0.5262
0.0874491
0.573918
0.3448
1.48503
0.929143
0.573918
0
1.03343
0.0874491
1.47897
0.486469
0.398141
0
0.0874491
0.0874491
0.0874491
1.26713
0.398141
0.398141
0.3448
0.73126
0.175777
0.3448
0.0874491
0.654927
0.654927
0.655806
0
0.398141
0.175777
0.0874491
0
0.654927
0.654927
0.754439
1.57726
0.754439
0.771365
0.602321
0.754439
0.654927
0.48559
1.57726
0.345679
0.654927
0.567478
0
1.57726
0
0
0
1.47297
0
0.175777
0.257351
1.57726
0.654927
0.654927
0.0874491
0
0.257351
0.771365
0.771365
0
0.754439
0.63131
0.771365
0.771365
0.3448
0.771365
0.257351
0.398141
0.0874491
0.0874491
0.0874491
0
0
0.3448
0.0874491
0
0.48559
0.398141
0.702322
0.799826
1.08589
0.799826
0
0.799826
0.969164
0.514579
0.63131
0.257351
1.34858
0.514579
0.398141
0.3448
0.398141
0
0.674212
0.789771
0.398141
0.613649
0.613649
0.994458
0.48559
0
0.398141
0.433128
0.48559
0.701978
0.398141
0.3448
1.08589
0.969164
0.969164
0.613649
0.48559
0.969164
0.969164
0.445191
0.969164
0.835635
0.0874491
0.643075
0.3448
0.445191
0.257351
0.969164
0.0874491
0.445191
1.08589
0.445191
0.445191
0
0.969164
0.445191
0.613649
0.445191
0.356863
0.356863
0.356863
0.445191
0.445191
0.356863
0.356863
0.445191
0.356863
0.445191
0.445191
0.445191
0.356863
0.356863
0.445191
0.356863
0.356863
0.445191
0.445191
0.356863
0.445191
0.445191
0.445191
0.3448
0.356863
0.356863
0.445191
0.445191
0.356863
0.356863
0.356863
0.356863
0.445191
0.445191
0.445191
0.356863
0.356863
0.445191
0.356863
0.445191
0.3448
0.561358
0.445191
0.3448
0
0.799826
0.486469
0.613649
0.116731
0
0.233169
0.0874491
0.257351
0.398141
0.673333
0.116438
0.48559
0.48559
0.48559
0.420912
0.461238
0.48559
0.602028
0.433128
0.0874491
0.48559
0.0874491
0.3448
0.0874491
0.3448
0.433128
0
0.3448
0.3448
0.433128
0.433128
0.433128
0.433128
0.3448
0.433128
0.3448
0.0883284
0.3448
0.3448
0.433128
0.433128
0.3448
0.3448
0.3448
0.433128
0.3448
0.433128
0.433128
0.433128
0.433128
0.433128
0.3448
0.433128
0.549859
0.433128
0.433128
0.433128
0.3448
0.3448
0.433128
0.3448
0.3448
0.549859
0.3448
0.3448
0.3448
0.3448
0.3448
0.48559
0.0874491
0.0874491
0.433128
0.0874491
0.486469
0.398141
0.486469
0.398141
0.398141
0.602028
0.320618
0.433128
0.20418
0.203887
0.398141
0.203887
0.3448
0
0.602028
0
0.461238
0
0.398141
0.0874491
0
0.0874491
0.87205
0.755319
0.486469
0.398141
0.567478
0.87205
0.567478
0.602028
0.398141
0.398141
0.398141
0.755319
0.398141
0.567478
0.655806
0.567478
0.755319
0.0874491
0.755319
0.398141
0.683916
0.655806
0.655806
0.486469
0.3448
0.585884
0.398141
0.655806
0.567478
0.755319
0.87205
0.3448
0.398141
0.87205
0.655806
0.602028
0.398141
0.755319
0.655806
0.602028
0.6032
0.655806
0.398141
0.398141
0.0874491
0.398141
0.116438
0.854547
0.0874491
0.398141
0.817161
0.0874491
0.921451
0.48559
0.0874491
0.812268
0
0.345679
0.0883284
0.0883284
0
0
0
0.345679
0.602028
0.175777
0.0874491
0.0874491
0.0874491
0.0874491
0.6032
0.0874491
0.433128
0.0874491
0.0874491
0.0874491
0.398141
0.398141
0.257351
0.0874491
0.0874491
0.0874491
0
0.0874491
1.22174
0.0874491
0.0874491
0.0874491
0.48559
0.514137
0.398141
0.920147
1.05796
1.12223
0.0874491
0.0874491
0.48559
0.0874491
0.116438
0.0874491
0.0874491
0.398141
0.0874491
0.48559
0.0874491
0.673333
0.0874491
0.0874491
0.257351
0.0874491
0.0874491
0.0874491
0.39163
0.573918
0
0.0874491
0.398141
0.0874491
0.0874491
0.39163
0
0.39163
0.0874491
0.0874491
0.39163
0.0874491
0.175777
0.39163
0.0874491
0.48559
0.673333
0.175777
0.0874491
0.175777
0
0.175777
0
0.175777
0.561358
0
0.0883284
0.0874491
0
0.0874491
0.0874491
0
0.0874491
0.0874491
0.0874491
0
0.116438
0
0
0.0874491
0.549859
0.0874491
0
0.790064
0.0874491
0.0874491
0.0874491
0.673333
0.942182
0.3448
0.0874491
0.0874491
0.0874491
0
0
0.673333
0
1.63066
1.1638
1.14018
1.22763
1.90557
0.959401
0.906502
0.964859
1.10565
0.777116
0.790064
1.57326
0.790064
1.17023
1.19834
1.0819
0.577969
1.17023
1.12179
1.17023
1.17023
0.790064
0.959401
0.63131
0.790064
1.033
0.971464
0.602321
1.20779
0.729712
0.878392
1.58844
0.461531
0.233169
0.47303
0.718759
0.116731
0.233169
1.58844
1.12785
0.116731
0.473909
0.116731
0.116731
0.46241
0.116731
1.31959
0.385581
0.922331
0.116731
0.116731
0.906502
0.286068
0.20418
0.878392
0.690649
0.402507
0.790064
0.987063
1.31959
0.702615
0.702615
0.233169
1.01685
1.12785
1.01685
0.549859
1.01685
0.549859
1.11636
0.690649
0.392021
0.549859
1.2759
0.889576
1.22763
1.01685
0.47303
1.01685
0.871965
1.07539
0.818709
0.602321
1.12785
0.116731
0.233169
0.602321
1.67677
0.6032
0.116731
0.286068
0.549859
2.1263
0.286068
0.783721
1.40792
0.116731
0.906502
0.602321
0.6032
0.233169
0.906502
0.818709
0.878392
0.233169
0.216243
0.63131
0.116731
0.514872
0.818709
0.672357
0.718759
1.32047
0.718759
0.286068
0.577969
0.205059
0.233169
0.702615
1.03789
1.12785
1.01685
0.461531
0.602321
0.116731
0.783721
0.718759
0.718759
0.602321
0.718759
1.63066
0.286068
0.718759
0.233169
0.461531
1.01685
0.702615
0.233169
0.602321
0.320618
1.1788
1.033
0.304572
1.12179
0.89299
1.1044
0.87117
0.602321
0.473909
1.01685
1.01685
0.116731
0.906502
0.718759
0.233169
0.461531
0.690649
1.01685
0.650153
0.233169
1.57326
0.233169
1.17023
0.116731
0.20418
0.116731
0.116731
0.20418
1.17023
1.0819
0.549859
1.17023
0.461531
0.718759
0.987063
0.205059
1.29524
1.40148
0.577969
0.205059
0.233169
1.58932
0.205059
0.819053
1.40148
0.205059
1.12179
1.51792
0.205059
0.402507
1.57726
0.233169
0.233169
0.233169
0.402507
0.602321
0.602321
0.923234
0.690649
0.690649
0.614384
0.690649
0.602321
0.461531
0.906502
1.34858
0.724818
1.00536
1.29113
1.00536
0.771658
0.650153
0.602321
1.70488
0.834002
0.63131
0.549859
0.549859
1.60537
0.549859
1.12179
1.48981
0.20418
0.20418
0.46241
0.602321
0.461531
0.718759
0.718759
0.718759
0.718759
0.718759
0.718759
0.718759
0.718759
0.718759
0.718759
0.718759
0.602321
0.718759
0.718759
0.718759
0.718759
0.718759
0.718759
0.718759
0.718759
0.718759
1.48893
1.12179
0.543419
0.959499
0.286068
0.374082
1.67677
0.724818
1.1564
0.116731
0.987063
0.878392
0.608094
0.116731
0.878392
0.987063
1.1564
0.790064
0.878392
0.878392
0.602321
0.878392
0.987063
1.1564
1.1564
1.1564
0.543419
0.373517
0.374082
1.1564
0.20418
0.987063
0.602321
0.916557
1.1564
1.26069
0.916557
0.916557
0.916557
0.47303
0.916557
0.916557
0.916557
0.116731
0.916557
0.916557
0.916557
1.1035
0.916557
0.916557
0.916557
0.916557
0.116731
0.916557
0.916557
0.374082
1.1564
1.1564
0.916557
0.602321
0.916557
1.43603
0.916557
0.916557
0.116731
0.916557
1.08589
0.916557
0.916557
0.916557
0.916557
0.916557
0.916557
0.916557
0.916557
0.916557
0.916557
0.916557
0.987063
0.916557
0.916557
0.916557
0.916557
0.916557
0.916557
0.916557
0.116731
0.987063
0.916557
0.916557
0.916557
0.916557
0.916557
0.916557
0.916557
0.729712
0.987063
0.602321
0.906502
0.987063
0.906502
1.1564
0.906502
0.987063
0.374082
0.987063
0.945105
0.921451
0.906502
0.326678
0.415006
0.607215
0.326678
0.585839
0.415006
0.63131
1.43603
0.4694
0.415006
0.116731
0.326678
0.326678
0.326678
0.326678
0.783721
0.602321
0.496015
0.415006
0.326678
0.116731
0.116731
0.326678
0.415006
0.415006
0.689103
1.1564
1.1564
0.374082
1.26069
1.24473
1.1564
1.1564
1.1564
0.718759
0.116731
1.11119
0.473909
1.1564
0.87117
1.1564
0.689103
0.373517
0.987063
1.1564
0.987063
0.20418
0.630868
1.37713
1.1564
1.1564
1.1564
0.987063
1.1788
0.286068
0.776552
0.690649
1.20779
1.20779
1.20779
0.987063
1.20779
1.1564
1.1564
1.1564
1.1564
1.1564
0.602321
0.543419
1.27284
0.20418
0.630868
0.116731
0.602321
0.514872
1.50099
0.116731
0.864096
0.776552
0.95044
0.116731
0.292509
0.723653
0.846151
1.03789
0.116731
0.20418
0.834002
1.07539
0.116731
0.292509
0.784516
1.23214
0.116731
0.602321
1.03789
0.690649
0.602321
0.116731
0.116731
0.987063
0.292509
0.116731
0.519296
0.614384
0.801377
1.24429
1.17968
0.205059
0.326678
0.326678
0.233169
0.415006
0.326678
0.415006
0.233169
0.729712
0.415006
0.326678
0.729712
0.723653
0.519296
0.723653
0.326678
0.233169
0.846151
0.921451
0.415006
0.519296
0.116731
0.846151
0.729712
0.320618
0.921451
0.415006
0.205059
0.95044
0.723653
0.690649
0.846151
0.990039
0.514872
0.374082
1.00334
0.834002
0.723653
0.729712
0.584028
1.12785
0.729712
0.834002
0.443116
0.584028
1.12785
0.724818
0.320618
0.987063
0.864565
0.443116
1.29719
1.03789
0.326678
0.834002
0.95044
0.846151
1.11978
0.708336
0.530565
0.846151
0.326678
1.03789
1.03789
1.00334
0.602321
0.95044
1.09135
1.11978
0.89905
0.116731
0.729712
0.846151
0.461531
1.29719
0.922331
0.20418
0.834002
1.12785
0.607215
0.233169
0.846151
0.430968
0.320618
0.634855
0.634855
0.373517
0.320618
0.320618
0.20418
0.461531
0.320618
0.116731
0.320618
0.634855
0.320618
0.729712
0.834002
0.116731
0.116731
0.846151
1.1564
0.547406
0.374082
0.326678
0.443116
0.326678
0.461531
0.987063
1.1564
0.461531
0.116731
0.443116
0.543419
0.987063
0.461531
0.987063
0.547406
0.729712
0.374082
0.561358
0.987063
0.690649
0.20418
0.374082
0.415006
0.987063
1.13295
1.27374
1.17557
0.602321
1.09796
1.27374
1.16106
1.13295
1.20368
0.286068
0.205059
0.116731
0.326678
0.775767
0.326678
0.6032
0.326678
0.690649
0.87117
0.771658
0.514872
1.27374
0.89299
0.614384
1.27374
0.514872
0.415006
0.415006
0.205059
0.326678
1.09135
1.08677
1.1035
1.1035
0.987063
1.11488
0.987063
1.1035
1.1035
1.1035
1.11488
1.1788
0.965687
0.607215
1.1035
0.116731
1.1035
0.46241
1.1035
1.1035
1.20779
1.1788
0.514872
0.602321
1.58844
0.514872
0.20418
0.233169
0.602321
0.116731
0.443116
0.443116
0.443116
0.116731
0.116731
0.443116
0.326678
0.630868
0.415006
0.326678
0.415006
0.326678
0.116731
0.415006
0.116731
0.326678
0.116731
0.415006
1.29524
0.116731
0.205059
0.116731
0.374082
0.374082
1.20779
0.987063
0.987063
1.1035
1.1035
0.987063
0.602321
0.514872
0.987063
0.602321
0.374082
0.461531
0.514872
1.09135
0.602321
1.1035
0.374082
1.1035
1.09135
0.690649
0.813147
0.374082
1.27284
0.878392
0.561358
1.1564
1.29524
1.1035
0.561358
0.987063
0.987063
0.374082
0.987063
0.987063
1.09135
1.20779
0.374082
0.987063
0.987063
0.987063
0.561358
0.561358
0.718759
0.374082
1.24473
1.24429
0.987063
0.233169
0.987063
0.987063
0.549859
0.602321
0.987063
0.945547
0.775767
0.987063
0.602321
0.602321
1.00978
0.718759
0.718759
0.790064
0.602321
0.415006
0.415006
0.790064
0.906502
0.415006
0.415006
0.415006
1.03789
0.415006
0.584343
1.19263
0.20418
0.415006
0.894245
0.326678
0.584343
0.95044
1.03789
0.326678
0.20418
0.320618
0.415006
0.374082
0.374082
0.602321
0.987063
0.374082
0.320618
0.602321
0.514872
0.634855
0.724818
0.602321
0.634855
0.514872
1.03789
1.1564
0.602321
0.718759
0.718759
0.718759
0.718759
0.689103
0.718759
0.718759
0.718759
1.1564
0.630868
0.718759
0.718759
0.718759
0.718759
0.116731
0.634855
0.718759
0.543419
0.718759
0.718759
0.718759
1.1564
1.1564
0.718759
0.718759
0.634855
0.718759
1.1564
1.1564
0.543419
1.1564
0.634855
0.718759
0.718759
1.1564
0.461531
0.987063
0.374082
1.1035
1.00536
0.514872
0.987063
1.1035
0.987063
1.31959
1.31959
1.12785
0.415006
1.07584
0.205059
0.326678
0.116731
0.326678
1.09368
0.326678
0.602321
1.12785
0.415006
0.326678
0.689103
0.602321
0.233169
0.765712
0.292509
1.12785
1.09368
0.116731
0.116731
0.116731
0.916557
0.116731
0.514872
0.981004
0.292509
0.292509
0.514872
0.607215
0.607215
1.29524
0.607215
0.607215
0.607215
0.607215
0.607215
0.415006
0.205059
1.43603
0.205059
0.607215
0.292509
0.718759
0.806796
0.20418
0.20418
0.690649
0.20418
0.415006
0.602321
0.415006
0.415006
0.116731
0.461531
0.415006
0.519296
0.205059
0.415006
0.415006
0.326678
0.326678
0.690649
0.602321
0.6032
0.888096
0.888096
0.888096
0.888096
0.888096
0.519766
0.602321
0.888096
0.888096
0.20418
1.00489
1.31959
0.549859
0.205059
0.461531
0.690649
0.461531
0.461531
1.34858
0.461531
0.718759
0.723653
0.607215
0.320618
0.602321
0.374082
0.292509
0.116731
0.292509
0.602321
0.718759
0.320618
0.602321
0.49052
0.20418
0.614384
0.49052
0.320618
0.547406
0.20418
0.320618
0.718759
0.602321
0.292509
1.24429
1.24429
1.43603
0.20418
1.24429
1.24429
1.24429
0.577969
0.514872
0.602321
0.326678
0.846151
1.12785
0.549859
0.549859
0.690649
0.864096
0.894245
0.461531
0.461531
0.461531
1.32492
0.602321
0.461531
0.6032
0.690649
0.20418
0.602321
1.31959
0.917437
0.514872
0.6032
0.461531
0.292509
0.292509
0.292509
0.292509
0.292509
0.292509
0.292509
0.292509
0.292509
1.43603
0.690649
0.461531
0.602321
0.461531
0.461531
0.461531
0.461531
0.461531
0.859987
0.461531
0.461531
0.602321
0.461531
0.461531
0.461531
0.461531
0.514872
0.461531
0.292509
0.771658
0.461531
1.40792
0.514872
1.12179
0.116731
0.854547
0.48559
1.1109
0.175777
0.602028
0.116438
0.175777
0.0874491
0.870878
0.673333
0.486469
0.3448
0.3448
0.532543
0.994458
0.480252
0.175777
0.3448
0.0874491
0.0874491
0.673333
0.532543
0.48559
1.56158
0.0874491
0.3448
0.870878
0.673333
0.532543
0.870878
0.549859
1.37975
0.3448
0.3448
0.3448
0.994458
0.673333
0.673333
0.602028
1.05862
0.70154
0.275192
0.673333
0.870878
0.673333
0.673333
0.870878
0.3448
0.433128
0.702322
0.39163
0.203887
0.3448
0.203887
1.2044
0.870878
0.39163
0.870878
0.39163
1.37464
0.673333
0.870878
0.116438
0.673333
0.116438
0.116438
0.116438
0.0874491
0.116438
0.0874491
0.116438
0.175777
0.203887
0.911924
0.602028
0.486469
0.673333
0.790064
0.27529
0.257351
0.486469
0.486469
0.203887
0.116438
0.116438
0.486469
0.789771
0.589468
0.72942
0.673333
0.398141
0.116438
0.532543
0.911924
0.256786
0.0874491
0.203887
0.818318
0.673333
0.203887
0.816869
0.561922
0.759806
0.116438
0.3448
0.591605
0.486469
0.297396
0.116438
0
0.602028
0.0883284
0.203887
0.0874491
0.175777
0.203887
0.3448
0.3448
0.203887
0.0874491
0.3034
0.573467
0.643075
0.987686
0.0874491
0.612981
0.0874491
0
0.602028
0.461238
0.0874491
0.3034
0.0874491
0.461238
0.0874491
0.3448
0.0874491
0.3448
0.0874491
0.116438
0.0874491
0.461238
0.673333
1.38004
0.596317
0.116438
0.742489
0.532543
0.3448
0.472737
0.116438
0.0874491
0.48559
0.403035
0.175777
0.175777
0.175777
0.3448
0.0874491
0.203887
0.116438
0.776082
0
0.0883284
0.0874491
1.05184
0.116438
0.356299
0.3034
0.297396
0.3448
0.275192
0.0874491
0.203887
0.613649
0.345679
0.175777
0.514579
0.818709
0.257351
0.116438
0.215951
0.612981
0.345115
0.0874491
0.602028
0
0.186961
0
0
0.472737
0.0874491
0.0874491
0.433128
0.671884
0.48559
0.3448
0.794665
0.0995122
0
0.994458
0.0874491
0.566245
0
0.445094
0.532543
0.445094
0.461531
0.203887
0.602028
0.445094
0.373225
0.268849
0.116438
0
0.0874491
0.48559
0.654574
0.690649
0.445094
0.73038
0.532543
0.566245
1.14724
0.561532
0.561532
0.65504
0.566245
0.743369
1.19281
0.444627
0.532543
0.445094
0.549859
0
0
0.643075
0.268849
0.116438
0
0.3448
0.203887
0.186961
0.56075
0.257351
0.345679
0
0.203887
0.0874491
0.461238
0.0874491
0.648981
0.0995122
1.1931
0.175777
0.514872
0.0874491
0.169337
0.175777
0.472737
0.433128
0.772845
0.175777
0.345679
0.356299
0.3448
0.444627
0.578812
0.48559
0.942182
0.461238
0.203887
0.673333
0.48559
0.957781
0.116438
0.0874491
0
0.952894
0.486469
0.602466
0.345679
0.747834
0.0874491
0.906502
0
0.602028
0.461238
0.602028
0.673333
0
0.673333
0.320618
0.0874491
0.673333
0.3448
0.345679
0.0874491
0.175777
0
0.403035
0.612981
0.257666
0.3448
0.0883284
0.3448
0.203887
0
0
0.0874491
0.994458
0.48559
0.606922
0.660385
0.0874491
0.203887
0
0.268849
0.776259
0.0874491
0.433128
0.602028
0.0874491
0.175777
0.20418
0.0874491
0.203887
0.0874491
0.175777
0.175777
0.0874491
0.612981
0
0
0.203887
0.257351
0.320618
0.203887
0.0874491
0
0
0.461238
0.0874491
0
0
0.573918
0
0.403035
0.116438
0.345679
0.46241
0.0874491
0.257351
0.257351
0.345679
0.0874491
0
0
0
0.48559
0.320618
0.0874491
0.175777
0.175777
0.175777
0.0874491
0.175777
0.0874491
0.175777
0.175777
0.175777
0.0874491
0.175777
0.175777
0.175777
0.175777
0.0874491
0.0874491
0.0874491
0.0874491
0
0.585884
0.433128
0.613649
0.3448
0.690649
0
0
0.48559
0.345115
0.385724
0.0883284
0
0.0883284
0
0.175777
0
0.175777
0.116438
0.490484
0.433128
0.0874491
0.0874491
0.374082
0
0.356299
0.3448
0.203887
0.356299
0.356299
0.3448
0.0874491
0
0.203887
0.203887
0
0.0874491
0.257351
0.3448
0.3448
0.345679
0.0883284
0.5262
0.533422
0.0874491
0.0874491
0.233169
0.203887
0
0.209947
0.203887
0.0874491
0.373225
0
0.175777
0.373225
0.373225
0.612981
0.596317
0.3448
0.0874491
0.573918
0.356299
0.0874491
0.0874491
0.0874491
0.461238
0
0.203887
0.3448
0
0.759333
0.203887
0.268849
0.0874491
0.566245
0.0874491
0.116438
0.461846
0.577969
0.566245
0.489956
0.56075
0.566245
0.602028
0.643075
0.3448
0.0874491
0.0874491
0.0874491
0.719197
0.203887
0.994458
0.0874491
0.475167
0.0874491
0.116438
0.70043
0.0874491
0
0.116438
0
0.116438
0.203887
0.203887
0.203887
0
0
0.203887
0.203887
0
0.345679
0.46241
0.116438
0.116438
0.116438
0.345679
0.461238
0.345679
0.203887
0.116438
0.0883284
0.433128
0
0.772845
0.816869
0.381659
0.461238
0.48559
0
0.203887
0.0874491
0
0.345679
0.46241
0.116438
0.0874491
0
0.0874491
0.3448
0.0874491
0
0.846151
1.03789
0.3448
0.782318
0
0
0.0874491
0.0874491
0.0874491
0
0
0
0.373789
0.0874491
0.116438
0
0.602028
0
0.0883284
0
0.612981
0.0874491
0.203887
0.0995122
0
0.3448
0
0.257351
0.257351
0
0
0.203887
0
0
0
0
0.175777
0.466733
0
0.0883284
0.561358
0.433128
0.532543
0.363521
0.203887
0
0
0
0
0
0.356299
0
0
0
0.203887
0.203887
0.0883284
0
0.0874491
0.0883284
0.702322
0
0
0.403035
0
0.257351
0.0874491
0.0874491
0.0874491
0.0874491
0.257351
0.326385
0.0874491
0.3448
0.433128
0.385724
0.0874491
0.257351
0.356299
0.0874491
0.0874491
0.257351
0
0.783865
0.0874491
0.292509
0.0874491
0.203887
0.701978
0.964393
0
0.203887
0.345115
1.03789
0.0874491
0.0874491
0.444627
0.203887
0.472737
0.356299
0.0874491
0.203887
0
0.203887
0.385724
0.0874491
0.612981
0.3448
0.72942
0.0874491
0.0874491
0.203887
0
0.0874491
0.175777
0.0874491
0.175777
0.0874491
0.648981
0.275192
0
0.403035
0.648981
0.203887
0
0.648981
0.203887
0
0.116438
0.0874491
0
0.257351
0.461531
0.0874491
0.203887
0.461238
0
0.0874491
0.70131
0.116438
0.0874491
0.175777
0.0874491
0.0874491
0.116438
0.585884
0.0883284
1.1109
0.571023
0.257351
0
0.0883284
0
0
0.175777
0
0.292509
0.0874491
0.0874491
0.0874491
0.648981
0.0874491
0.0874491
0.203887
0.175777
0.0874491
0
0
0.80472
0.0874491
0
0.816869
0
0.257351
0.3448
0.116438
0.89299
0.203887
0.433128
0.320618
0.203887
0.0874491
0.0874491
0.3448
0.0874491
0.70131
0.602028
0.602028
0.602028
0.514579
0.602028
0.602028
0.602028
0.602028
0.602028
0.602028
0.602028
0.602028
0.602028
0.602028
0.602028
0.514579
0.602028
0.602028
0.0874491
0.602028
0.602028
0.602028
0.602028
0.602028
0.602028
0.602028
0.941997
0.602028
0.602028
0.602028
0.602028
0.602028
0.514579
0.0883284
0.602028
0.602028
0.433128
0.602028
0.602028
0.602028
0.602028
0.602028
0.514579
0.514579
0.602028
0.532543
0.783865
0.648981
0.788615
0.514579
0.0874491
0.433128
0
0.612981
0.881831
0
0.612981
0
0.724084
0.175777
0
0.602028
0.0874491
0.374397
0
0.268849
0
0.0995122
0.602028
0.602028
0.0874491
0.602028
0
0.0883284
0
0.602028
0.602028
0.602028
0
0.602028
0
0.602028
0
0.602028
0.0874491
0.0883284
0.175777
0
0
0.0883284
0.602028
0
0.602028
0
0.0874491
0
0.0883284
0.602028
0.175777
0.602028
0
0
0
0.0883284
0.602028
0.0995122
0.175777
0
0.0995122
0.304572
0.602028
0.0883284
0.602028
0.3448
0.602028
0.205059
0.175777
0.602028
0.0874491
0
0.0995122
0
0.602028
0.602028
0.602028
0.602028
0.0874491
0.514579
0.0883284
0
0
0.514579
0.0995122
0.0883284
0.602028
0
0
0.602028
0.514579
0
0
0.352669
0
0.929143
0
0.444312
0.0874491
0
0.518124
0.612981
0.881831
0.203887
0.209947
0.0883284
0.562616
0.563495
0.0874491
0.461238
0.175777
0.116438
0.0874491
0.0874491
0
0.0874491
0
0
0.116731
0.203887
0
0.724084
0.0874491
0.326385
0.385288
0.385288
0.3448
0.385288
0.268849
0.203887
0
0.514137
0.0874491
0.116438
0.789771
0
0.203887
0.789771
0
0.0874491
0.0874491
0
0.203887
0
0.673333
0.0874491
0.566245
0.566245
0.561358
0.0874491
0.533422
0.0874491
0.0874491
0.3448
0.0883284
0.0883284
1.08601
0.0874491
0.203887
0.0874491
0.203887
0.356299
0.175777
0.356299
0.994458
0
0.0874491
0
0.175777
0.567125
0.444627
0.0874491
0.0874491
0.613649
0.606922
0.3448
0.116438
0.385288
0.345115
0.292509
1.05231
0.0883284
0.0883284
0.461238
0.0874491
0.490484
0.0874491
0.433128
0.761661
0.0874491
1.30674
0.0874491
0.0874491
0.0874491
0.203887
0.257351
0
0.0874491
0
0.0883284
0
1.05202
0
0.0874491
0
0
0.72942
0
0.673333
0.0883284
0.256786
0.203887
0.502455
0.0874491
0.116438
0.203887
0.175777
0.175777
0.175777
0.0874491
0.175777
0.175777
0.175777
0.175777
0.0874491
0.695543
0.0874491
0.257351
0.0874491
0.175777
0.0874491
0
0.0874491
0.257351
0.0883284
0.612981
0.175777
0.3448
0.203887
0.203887
0.203887
0.433128
0.39163
0.257351
1.07635
1.39696
1.09397
0.567478
1.07635
1.14018
0.654927
1.22763
1.30952
0.718759
0.48559
0.398141
1.07635
1.06358
0.48559
0.790064
0.48559
1.765
0.48559
1.05891
1.30952
0.48559
0.585884
0.514872
0.48559
0.743255
0.514872
0.718759
0.398141
0.602321
0.654927
1.26331
0.573918
0.398141
0.48559
0.790064
0.398141
0.567478
0.977904
1.26331
0.799826
0.718759
0.718759
0.567478
0.514872
1.09397
0.777514
0.48559
0.673333
0.790064
0.48559
1.05891
0.486469
0.888096
1.05891
1.033
0.602321
0.602321
0.84267
0.673333
0.48559
0.654927
0.567478
1.0879
0.48559
0.602028
0.602321
0.585884
0.398141
0.673333
0.987609
0.654927
0.602321
0.567478
0.48559
0.398141
0.602321
0.654927
0.514872
0.772537
1.50733
0.48559
0.602321
0.684209
0.48559
0.673333
1.1638
0.48559
0.48559
0.48559
0.48559
0.602321
1.47887
0.48559
0.398141
0.84267
0.684209
0.718759
0.684209
0.684209
0.585884
0.772537
0.567478
0.48559
0.48559
0.567478
0.567478
0.48559
0.684209
0.684209
0.608087
0.567478
0.567478
0.398141
0.771658
0.567478
0.718759
0.48559
0.654927
0.994458
0.771658
0.684209
0.567478
0.48559
1.26331
0.567478
0.486469
0.718759
0.398141
0.684209
0.48559
0.486469
0.567478
0.567478
0.894156
1.26302
0.771658
1.28053
0.567478
1.57326
0.567478
0.800647
0.63131
1.21618
0.567478
0.63131
1.67677
0.398141
0.655806
0.573918
0.771658
0.398141
0.743255
0.84267
0.654927
0.486469
1.26331
1.3906
0.871952
0.888096
0.567478
0.63131
0.567478
0.398141
0.777514
0.48559
0.567478
0.398141
1.3967
0.673333
2.18564
0.48559
0.6032
0.398141
0.486469
0.567478
0.398141
0.573918
0.654927
0.602321
0.761661
0.6032
0.63131
0.654927
0.654927
0.48559
1.1043
0.654927
0.48559
1.26302
0.48559
0.398141
0.48559
1.2969
0.398141
0.654927
0.48559
1.07635
0.514579
0.48559
0.654927
1.26302
0.654927
0.777514
0.48559
0.771658
0.398141
0.994458
0.718759
0.859402
0.486469
0.398141
0.888096
0.573918
0.398141
0.398141
1.43944
0.398141
1.31569
0.813147
0.48559
1.21618
0.655806
1.3156
0.398141
0.690649
0.398141
1.17422
0.813147
0.84267
0.724818
1.38552
0.998446
0.755221
0.486469
0.755221
0.813147
0.982484
0.398141
1.32047
0.982484
0.6032
0.813147
0.998446
1.48981
0.894156
0.6032
0.486469
0.654927
0.486469
0.486469
0.398141
0.567478
0.754439
0.567478
0.48559
0.602321
0.48559
0.48559
0.398141
0.398141
1.67677
0.6032
0.48559
0.567478
0.684209
0.398141
0.655806
0.567478
0.567478
1.19263
0.771658
0.398141
0.48559
0.771658
0.946851
0.654927
1.50733
1.2969
0.654927
1.48893
0.654927
1.05891
0.673333
0.654927
0.48559
0.602321
0.702615
0.398141
1.30954
1.38552
0.398141
0.48559
1.57726
0.906502
1.09397
0.486469
0.771658
1.29719
0.398141
0.602321
0.602321
0.398141
0.673333
0.486469
1.24429
0.573918
0.514872
0.48559
0.398141
1.11541
0.602321
0.771658
0.718759
0.567478
0.684209
0.567478
0.257351
0.654927
0.567478
1.40792
0.48559
0.771658
0.567478
0.684209
0.684209
1.50733
0.398141
0.684209
0.684209
0.567478
0.602321
0.654927
0.486469
0.655806
0.63131
0.398141
0.514872
0.673333
1.26302
0.684209
0.48559
1.26302
0.398141
0.6032
0.514872
0.486469
1.03434
0.63131
1.46053
0.585884
0.655806
0.654927
1.2969
0.398141
0.608087
0.771658
0.573918
0.48559
0.573918
1.12179
0.48559
0.718759
0.48559
0.48559
0.48559
0.48559
0.63131
1.21618
0.486469
0.48559
0.48559
0.567478
0.771658
0.514872
0.654927
0.48559
0.771658
0.684209
0.602321
0.684209
0.684209
0.567478
0.567478
0.602321
0.684209
0.684209
0.567478
0.567478
0.6032
0.48559
0.567478
0.684209
0.567478
0.567478
0.514872
0.567478
0.772537
0.567478
0.48559
0.48559
0.602028
0.684209
0.772537
0.567478
0.772537
0.772537
0.567478
0.486469
0.718759
0.654927
0.398141
0.690065
0.567478
0.398141
0.772537
0.567478
0.398141
0.567478
0.718759
0.772537
0.567478
0.772537
0.567478
0.917906
0.567478
0.718759
0.567478
0.567478
0.567478
0.772537
0.841257
0.567478
0.608087
0.567478
0.969164
0.608087
0.398141
0.841257
0.567478
0.567478
0.608087
0.48559
0.724526
0.6032
0.608087
0.608087
0.608087
0.772537
0.841257
0.608087
0.567478
1.12785
0.772537
0.684209
0.398141
0.567478
0.567478
0.567478
0.567478
0.398141
0.567478
0.567478
0.772537
1.67677
0.567478
0.772537
0.398141
0.772537
0.567478
0.718759
0.567478
0.567478
0.48559
0.970043
0.743255
0.48559
0.567478
1.38552
0.567478
0.771658
0.567478
0.48559
1.12179
0.398141
0.48559
0.398141
1.40792
0.48559
0.398141
0.398141
0.48559
0.398141
0.48559
0.48559
0.772537
0.514872
0.654927
0.771658
0.894156
0.654927
0.655806
1.3722
0.771658
0.398141
0.888096
0.398141
0.573918
1.00623
0.602321
0.684209
0.63131
0.6032
0.602321
0.718759
1.57726
1.12785
1.32047
0.655806
0.514872
0.514872
0.63131
1.37308
0.398141
0.486469
0.673333
0.654927
1.21618
1.38552
0.48559
1.67677
0.684209
0.654927
0.684209
1.26302
1.29113
0.684209
0.567478
0.486469
0.684209
0.743255
0.684209
0.486469
0.567478
0.486469
0.684209
0.771658
0.567478
0.654927
1.46053
0.654927
0.486469
0.655806
0.486469
0.654927
0.602321
0.771658
1.29113
0.859987
0.654927
0.771658
0.654927
1.29113
0.486469
0.970513
0.771658
0.585884
0.486469
1.03688
0.655806
0.655806
0.486469
0.567478
0.654927
1.05796
0.486469
0.567478
0.832698
0.969164
0.684209
1.57726
0.654927
0.684209
0.486469
0.567478
0.514872
0.398141
0.398141
0.398141
0.398141
0.398141
0.602028
0.398141
0.398141
0.48559
1.09368
0.48559
0.486469
0.573918
0.567478
0.655806
0.754439
0.684209
0.567478
0.398141
0.567478
0.567478
1.67677
0.567478
0.398141
0.654927
0.654927
0.514872
0.654927
0.66699
0.655806
0.754439
0.567478
0.567478
0.567478
0.567478
0.48559
0.602028
0.567478
0.567478
0.655806
0.48559
0.398141
0.398141
0.398141
0.514872
0.398141
0.398141
0.398141
0.48559
0.48559
0.48559
1.43603
0.684209
0.398141
0.602321
0.514872
1.00623
0.799826
1.033
0.799826
0.777425
1.033
0.398141
0.841257
0.48559
0.799826
0.777425
0.799826
0.777425
1.033
0.799826
1.033
1.46053
0.567478
0.398141
0.514579
0.398141
0.514579
0.801175
0.398141
0.63131
0.655806
0.48559
0.514579
0.567478
0.398141
0.654927
0.654927
0.654927
0.514872
0.398141
0.801175
0.398141
0.573918
0.655806
0.398141
0.970513
0.48559
0.398141
0.567478
0.514579
0.514579
0.514579
0.655806
0.567478
0.398141
0.398141
0.398141
0.398141
0.398141
0.398141
0.398141
0.398141
0.398141
0.398141
0.585884
1.28143
0.175777
0.718759
0.602321
0.690649
0.48559
0.567478
0.655806
0.684209
0.567478
0.567478
0.654927
0.567478
0.48559
0.567478
0.654927
0.567478
1.57726
0.655806
0.567478
0.654927
0.655806
0.398141
0.655806
0.567478
0.567478
0.398141
0.654927
0.969164
0.48559
0.771658
0.48559
0.654927
1.31959
0.48559
0.48559
0.486469
0.48559
1.20286
1.1043
0.48559
0.398141
0.398141
0.398141
0.398141
0.398141
0.48559
0.654927
0.48559
0.602028
0.48559
0.567478
0.398141
0.398141
0.486469
0.398141
0.608087
0.48559
0.690065
0.398141
0.48559
0.48559
0.398141
1.57726
0.859987
0.398141
0.48559
0.878392
0.567478
0.585884
1.43603
0.486469
0.48559
0.398141
0.48559
0.673333
0.673333
0.48559
0.718759
0.573918
0.777514
0.690649
0.398141
0.724818
0.398141
1.96869
0.684209
0.982484
0.398141
0.398141
0.63131
0.514872
0.567478
0.398141
0.602321
0.718759
0.718759
0.718759
0.718759
0.718759
0.48559
0.63131
0.718759
0.718759
0.718759
0.718759
0.718759
0.718759
0.718759
0.718759
0.718759
0.718759
0.48559
0.48559
0.602028
0.602321
0.398141
0.48559
0.573918
0.48559
0.48559
0.398141
0.48559
0.398141
0.573918
0.398141
0.514872
0.398141
0.398141
0.398141
0.684209
0.771658
0.771658
0.567478
0.398141
0.398141
0.398141
0.771658
0.398141
0.567478
0.567478
0.567478
0.655806
0.514579
0.772537
1.46053
0.743255
0.684209
0.684209
1.37308
0.743255
0.567478
0.859987
0.514579
0.771658
0.654927
0.63131
0.673333
0.801175
0.567478
0.655806
0.398141
0.684209
0.654927
0.771658
0.514579
0.514579
0.654927
0.398141
0.567478
0.654927
0.654927
0.567478
0.771658
0.398141
0.801175
0.654927
0.654927
0.771658
0.654927
0.514872
0.684209
0.654927
0.567478
0.398141
0.567478
1.57726
1.03688
0.398141
0.48559
0.684209
1.38552
1.40792
0.486469
0.486469
0.486469
0.486469
0.486469
0.486469
0.486469
0.486469
0.655806
0.486469
0.486469
0.486469
0.398141
0.398141
0.398141
0.398141
0.398141
0.398141
0.398141
0.398141
0.6032
0.772537
0.655806
0.683916
0.772537
0.772537
0.602321
0.772537
0.772537
0.772537
0.772537
0.772537
0.6032
0.772537
0.772537
0.398141
0.772537
0.567478
0.673333
0.655806
0.602321
0.684209
0.567478
1.57726
0.567478
0.48559
0.48559
0.567478
0.654927
0.567478
0.567478
0.655806
0.567478
0.567478
0.567478
0.398141
0.567478
0.398141
0.771658
0.654927
0.655806
0.654927
0.655806
0.567478
0.398141
0.969164
0.771658
0.654927
0.48559
0.654927
0.48559
0.718759
0.48559
0.48559
0.63131
0.48559
0.398141
0.398141
0.718759
0.398141
0.573918
0.602321
0.398141
0.573918
0.813147
1.32047
0.789771
0.724818
0.878392
0.514872
0.813147
0.790064
1.28143
1.23214
0.602321
0.906502
1.18266
0.48559
0.48559
0.48559
0.48559
1.57726
0.48559
0.48559
0.602321
1.07584
1.45441
1.30185
2.21375
1.12296
1.79528
1.1109
0.994458
1.14018
1.37975
0.888155
0.987609
1.37975
1.28023
0.865843
1.19234
1.30272
0.673333
1.37975
0.514579
0.602028
1.07594
0.971172
0.48559
0.602028
1.37975
1.3193
0.870878
0.987609
0.602028
0.573918
1.47893
0.870878
1.37975
0.959108
0.754439
1.07584
0.48559
0.48559
0.912269
1.64827
0.870878
0.608087
0.870878
1.26368
1.04773
0.959108
0.754439
1.37975
0.602028
0.695536
0.987609
1.05862
0.602028
0.514579
0.930999
0.870878
1.3153
0.811975
0.959108
1.1109
1.40792
0.912269
0.48559
1.03051
1.0772
0.761661
0.987609
1.59566
1.58311
1.24429
0.959499
1.2923
1.37975
0.84267
0.602028
0.893952
1.39702
1.37975
0.959499
1.12756
1.34112
0.573918
1.1109
1.10401
1.07594
1.13106
0.790064
1.37975
1.32047
0.754439
0.789771
0.761661
0.789771
0.602028
1.20286
0.870878
0.789771
1.18629
0.789771
1.06956
0.673333
0.48559
0.690649
1.05862
0.743255
0.789771
0.602028
0.48559
0.48559
0.573918
0.867248
0.602028
1.46166
1.3193
0.761661
0.683916
0.982484
0.888155
0.602028
0.870878
0.602028
0.870878
0.48559
0.48559
0.917614
0.888155
0.602028
0.398141
0.602028
1.17851
0.789771
1.3193
1.57844
0.696416
0.48559
0.48559
0.976953
1.06505
1.70488
1.18148
0.789771
0.888624
0.870878
1.00506
0.48559
0.66699
1.06993
0.783429
0.987609
0.982484
1.06993
1.18629
1.10401
0.754439
0.859987
1.18629
0.48559
0.66699
0.876937
1.34722
1.2144
0.602028
0.683916
0.48559
0.602028
1.1109
0.865753
1.09796
1.05862
0.614091
1.3339
0.48559
1.2144
0.799826
1.01059
1.05862
1.18629
1.05862
0.859987
0.66699
0.789771
0.614091
0.70154
0.961636
1.05271
0.48559
0.70154
0.602028
0.48559
1.50108
0.602028
0.608087
1.50704
0.889283
0.602028
0.48559
0.673333
0.602028
0.801834
1.50704
0.602028
0.602028
0.842768
0.673333
0.959108
0.754439
0.870878
0.673333
0.928706
0.48559
0.602028
0.514579
0.888155
1.06505
1.00489
0.573918
0.818271
0.398141
1.3193
0.585884
1.3193
0.761661
0.842768
0.602028
0.70154
0.602028
1.12756
0.743255
0.602028
0.724526
0.602028
0.398141
0.673333
0.398141
0.982484
1.18148
1.3193
0.789771
0.70154
0.994458
0.602028
0.608087
0.614091
0.70154
0.783865
0.48559
0.889283
1.21041
0.48559
0.70154
0.602028
0.48559
0.673333
1.16945
0.70154
0.573918
0.514579
0.916265
0.573918
0.754439
0.573918
0.602028
0.48559
0.48559
0.673333
0.841257
0.783865
0.48559
0.602028
0.893952
1.21618
0.608087
0.893952
0.585884
0.48559
0.398141
0.959108
1.61743
0.893952
0.48559
0.602028
0.893952
0.398141
1.15747
0.67343
1.18148
0.48559
0.789771
0.900596
0.987609
0.48559
0.48559
0.573918
1.21618
0.602028
0.398141
0.573918
1.10401
0.6032
0.48559
1.61743
0.514579
0.48559
0.48559
1.23185
0.602028
0.48559
0.994458
0.573918
0.893952
0.602028
0.514579
1.40792
0.602028
1.05862
0.48559
0.959108
0.789771
0.602028
0.906502
0.959108
0.724526
0.789771
0.864273
0.906502
1.1109
0.48559
0.789771
0.48559
0.789771
0.928706
0.789771
0.514579
0.959108
0.906502
0.48559
0.977904
0.573918
1.07584
0.789771
0.602028
0.811975
0.959108
0.789771
0.514579
0.70154
0.486469
0.602028
0.486469
0.486469
1.31959
0.486469
0.70154
0.48559
0.398141
0.916265
0.70154
0.602028
0.811975
0.48559
0.573918
0.48559
0.789771
0.70154
0.514579
0.573918
0.602028
0.514579
0.602028
0.602028
0.70154
0.602028
1.15213
0.602028
1.05884
0.48559
0.514579
0.27529
0.789771
0.356863
1.05271
0.53264
0.356863
0.935675
0.585884
1.29119
0.356863
0.993375
0.79583
1.16945
0.870878
0.930999
0.48559
1.04773
0.702322
0.771365
0.608087
0.806503
0.930999
1.04773
0.48559
0.573918
0.602028
0.870878
1.04773
0.602028
0.930999
0.654927
1.04773
0.654927
0.48559
0.486469
0.514579
1.04773
1.04773
0.959499
0.654927
0.0874491
0.473301
0.66699
0.602028
0.56075
0.654927
0.473301
0.473301
0.842768
0.602028
1.05862
1.89262
0.959499
0.783865
0.789771
0.959499
0.982484
0.959499
0.743255
0.842768
1.05862
1.62377
0.842768
1.05862
0.959499
0.514579
0.842768
1.05862
0.888155
0.602028
0.602028
1.05862
0.842768
1.05862
1.18629
0.48559
0.761661
0.842768
0.959499
0.602028
1.18629
0.789771
1.18541
0.859987
0.602028
0.789771
0.48559
0.602028
0.789771
0.48559
1.21501
0.696416
1.12179
0.743255
0.959499
0.789771
1.08589
0.514579
0.654927
0.789771
0.987609
0.514579
0.602028
0.743255
1.07594
1.34858
1.2044
0.602028
0.602028
0.761661
0.799826
0.48559
1.19756
0.673333
0.959499
0.608087
0.870878
0.48559
0.917437
0.398141
0.870878
1.1109
0.870878
0.870878
1.43603
0.48559
0.602028
0.602028
0.811975
0.690649
0.608087
0.514579
0.48559
1.17469
0.585102
0.789771
0.602028
0.48559
0.573918
0.48559
1.0772
1.32047
0.602028
0.602028
0.514579
0.602028
0.48559
0.818271
0.602028
0.602028
1.30363
0.602028
0.48559
0.602028
0.602028
0.514579
0.398141
0.514579
1.40792
0.514579
1.27011
0.461238
0.486469
0.573918
0.602028
0.602028
0.48559
0.690649
0.514579
0.48559
0.549859
0.724526
0.602028
0.573918
0.602321
0.602028
0.602028
0.602028
0.573918
0.673333
0.696416
0.486469
0.695536
0.486469
0.602028
0.602028
0.608087
0.398141
0.602028
0.888155
0.48559
1.13251
0.724526
0.602028
0.940769
0.602028
0.602028
0.398141
0.724526
0.917437
0.48559
0.718759
0.602028
0.602028
0.602028
0.602028
0.48559
1.40275
0.602028
0.602028
0.602028
0.48559
0.602028
0.942182
0.602028
0.602028
1.31959
0.48559
0.48559
0.48559
0.602028
0.602028
0.573918
0.602028
0.3448
0.573918
0.514579
0.48559
0.602028
0.602028
0.48559
1.34858
0.602028
0.573918
0.573918
0.573918
0.573918
0.48559
0.48559
0.48559
0.602028
0.48559
0.811975
0.48559
0.48559
0.573918
0.48559
0.573918
1.86451
0.398141
0.602028
0.602028
1.21501
0.789771
0.48559
0.573918
0.48559
0.48559
0.48559
0.573918
0.398141
0.573918
0.497653
0.398141
0.486469
0.702322
0.602028
0.959499
0.602028
0.48559
0.959499
0.48559
0.602028
0.959499
1.06956
0.842768
0.486469
1.18629
0.724526
1.34858
1.06956
0.602028
1.06956
1.18629
0.66699
0.953202
0.48559
0.602028
1.18629
0.514579
0.724526
1.05271
0.48559
1.28588
1.18629
1.18629
1.08082
1.18629
0.573918
0.602028
0.48559
0.602028
0.602028
0.602028
0.577969
0.573918
0.48559
1.05271
1.05271
1.05271
1.05271
0.585884
0.916265
0.724526
0.583736
0.467297
0.724526
0.467297
0.602028
0.583736
0.467297
0.583736
0.467297
0.964386
1.05271
1.40792
0.573918
0.48559
0.467297
0.398141
0.467297
0.467297
0.467297
0.602028
0.398141
0.602028
0.602028
0.48559
0.602028
0.602028
0.398141
0.48559
1.17535
0.789771
0.602028
0.514579
1.40792
0.48559
0.398141
0.602028
0.48559
0.48559
1.77618
0.48559
0.724526
0.602028
0.602028
0.602028
0.486469
0.695536
0.695536
0.203887
0.461238
0.66699
0.724526
0.888155
0.602321
0.754439
0.842768
0.66699
0.602028
0.842768
1.58932
0.48559
0.959499
0.959499
0.842768
0.842768
0.842768
0.696416
0.959499
0.959499
0.602028
0.514579
1.1647
0.870878
0.870878
0.486469
0.486469
0.398141
0.514579
0.486469
1.34858
0.811975
0.398141
0.48559
0.602028
0.514579
0.916265
0.602028
0.486469
0.602028
0.602028
0.48559
0.48559
0.602028
0.573918
0.48559
0.48559
0.48559
1.60059
0.724526
0.573918
0.486469
0.573918
0.602028
0.48559
0.48559
0.48559
0.783865
0.654927
0.602028
0.724526
0.608087
1.19952
0.48559
0.602028
0.602028
0.48559
0.48559
0.573918
0.783865
0.602028
0.870878
1.00506
1.00536
0.888155
0.870878
0.48559
0.573918
1.70488
0.959499
0.514579
0.461238
0.573918
0.514579
1.21501
0.674212
1.12756
0.602028
1.12756
0.602028
0.602028
0.48559
0.48559
0.878392
1.32047
0.870878
1.30185
1.12179
1.18511
0.754439
0.673333
0.87117
0.942182
0.433128
0.48559
1.43603
0.3448
0.747365
0.48559
0.602028
0.602028
0.48559
0.433128
0.175777
0.602321
0.602028
0.602028
0.486469
0.175777
0.175777
0.175777
0.602028
0.70154
0.811975
0.771365
0.602028
1.12179
0.67343
0.3448
0.67343
0.602028
0.799826
0.695536
0.48559
0.602028
0.514872
1.12179
0.799826
0.398141
0.48559
0.573918
0.602028
0.48559
0.585884
0.345679
0.602028
0.602028
0.673333
0.702322
0.48559
0.916265
0.799826
0.514579
1.12179
0.602028
0.602028
0.514579
0.795049
0.486469
0.514579
0.573918
0.585102
0.573918
0.514579
0.602028
0.486469
0.398141
1.20286
1.20286
0.602028
0.48559
0.48559
0.573918
0.48559
0.602028
0.48559
0.602028
0.602028
0.602028
0.602028
0.398141
0.602028
0.602028
1.3193
0.573918
0.754439
0.573918
1.12179
0.48559
0.602028
0.573918
0.573918
1.1932
0.48559
0.790161
1.22131
0.573918
0.48559
0.573918
0.602028
0.48559
0.608087
0.486469
0.48559
0.602028
0.486469
0.398141
0.398141
0.514579
0.373789
0.754439
0.959499
0.87117
0.345679
0.373789
0.811975
0.373789
0.673333
0.345679
0.345679
0.602028
0.602028
0.602028
0.696416
1.19756
0.724526
1.36289
1.18511
0.602907
0.724526
0.48559
1.2144
0.602028
0.893952
0.398141
0.602028
0.573918
0.602028
0.573918
0.608087
0.585884
1.10401
0.398141
0.602028
0.48559
0.48559
0.48559
1.29119
1.3907
1.18148
1.29119
1.20286
1.29119
1.20286
1.29119
0.602028
1.3193
1.50714
1.20286
1.3193
0.514579
