4.92739
4.10307
3.24866
4.00551
2.33601
2.98622
2.74044
2.66735
3.16541
3.19322
3.37057
3.10822
2.89633
2.74652
3.01124
2.98838
3.19322
3.22531
3.86967
3.57095
2.99744
2.84151
3.42265
2.43495
3.33647
3.29775
3.32016
2.89723
3.29912
3.90022
3.75527
3.10053
3.02146
3.87474
4.55827
2.94485
3.65676
3.40417
2.91136
3.74483
3.36281
3.07207
3.02458
2.34266
2.98622
3.26541
3.41929
3.11616
2.74222
3.07536
3.68962
3.08301
3.88671
3.31233
3.6173
2.82029
3.3065
2.74675
3.20353
2.4342
2.96209
3.27988
3.00961
2.94485
3.23484
3.31278
3.10152
2.53829
2.98078
2.60078
3.57634
2.83338
4.05992
2.82468
3.54188
2.29008
3.6562
2.05705
3.34885
3.96323
3.32546
2.46622
3.31278
3.07536
2.72748
2.48477
2.6901
3.19659
3.07536
3.18535
2.45522
2.52439
2.55206
2.53671
2.49017
2.42162
2.7502
2.66949
2.91516
3.00339
2.87884
3.19322
3.08161
2.9959
3.14914
3.08086
3.19481
2.07813
2.65539
2.90684
3.70586
2.95155
3.28165
3.01538
3.46283
3.48772
2.61012
2.91269
2.74429
2.78814
2.74071
3.25954
2.13983
3.69346
3.16884
3.81248
2.13983
2.81477
2.81379
2.67661
2.363
3.21731
3.28387
3.02361
2.34349
3.30851
2.64076
2.20348
3.1673
2.71959
2.31616
2.99149
3.09457
2.83141
2.97783
3.43492
2.92502
2.90231
3.12659
3.43136
3.16269
2.49715
2.69691
2.71337
2.11757
4.17056
2.66279
2.42043
3.02372
3.99826
3.37057
3.2735
3.02372
2.49331
2.51113
2.57024
2.89052
3.05444
2.69735
2.92795
2.13344
2.95577
2.72872
3.07207
3.2509
3.07207
2.59854
2.86507
4.13079
4.23292
2.58385
3.07557
2.70332
3.22195
3.14155
2.87294
3.41616
2.0294
3.41616
3.50572
2.86808
2.55206
3.58361
2.23799
2.78099
2.68301
2.79888
4.39508
2.95668
2.55335
3.04916
2.83141
2.49434
3.27605
2.99058
2.75106
2.50626
3.07536
2.97843
2.88772
3.06449
4.0307
2.55206
2.64616
3.34993
3.82435
2.75723
3.03668
3.1274
3.42907
2.59401
3.14625
3.80406
3.67826
3.06603
3.15735
2.83141
3.14373
3.25843
3.03313
2.363
3.14927
2.77967
2.56407
2.70069
2.73077
2.89295
2.60365
2.94639
3.01843
2.83742
2.52467
2.60621
2.60365
3.05727
2.60365
2.80297
2.73077
2.81379
2.39596
2.71693
3.45228
2.67655
2.73077
2.75569
2.88538
3.46166
2.523
2.60365
2.44521
3.7272
2.87104
3.33387
2.6259
3.94139
2.59854
2.88994
3.07207
3.16277
3.07207
3.2875
2.91882
2.77967
2.81477
2.74071
2.89185
3.13353
3.82465
2.68283
2.29911
3.03497
3.50839
3.27064
3.65654
2.91891
3.00343
2.86651
2.74071
2.90139
3.37186
3.5344
4.0274
3.08875
2.99799
3.38496
2.53704
3.00552
2.45455
2.45455
3.2969
2.67303
2.69691
2.53372
3.15435
2.96366
3.09043
2.75581
2.86923
2.82401
2.96366
2.67778
2.4584
3.16277
2.98465
2.98675
3.16041
3.50988
3.06132
2.61959
3.16277
3.12531
4.23755
2.82309
3.00625
3.05234
3.16277
2.74164
2.64576
2.60542
2.98675
2.73239
2.76555
3.78818
2.55901
2.61869
3.66302
2.91882
3.14388
2.47701
2.8054
2.40008
3.40537
3.30377
3.0471
2.90891
2.88384
2.97924
3.62256
3.24215
2.97924
2.8278
3.32885
3.41991
2.47564
3.82308
3.63937
2.44612
2.99325
2.97924
2.8649
2.58875
2.84928
2.72687
2.78919
2.83141
2.64164
2.5822
3.53417
2.83449
2.21454
2.48038
2.73473
2.22486
3.68717
2.36815
2.60997
3.30936
3.30936
3.21866
3.01866
3.30936
3.30936
2.41945
2.66549
2.46572
2.95868
2.95577
2.12209
3.39779
2.53024
2.70978
2.62774
2.53704
3.39779
2.87002
2.2797
3.07536
2.94086
2.89584
2.59135
2.23307
2.53024
2.25934
2.48477
2.44512
2.44434
2.28948
2.66013
3.2827
2.34968
2.91882
2.55206
3.26245
2.96503
2.87169
2.5309
2.62774
2.87169
3.15735
3.70618
2.65178
3.33093
2.51113
3.23702
2.67413
2.76555
3.18984
2.83141
3.08458
2.53598
2.96723
2.3597
2.89934
2.69382
3.58763
2.53598
2.3597
2.67413
2.28073
2.42043
3.26098
2.70072
2.42043
3.20146
2.90231
3.55773
3.16277
2.74071
2.83141
2.30347
2.52304
2.64808
2.51512
3.19998
2.94237
2.60046
2.83141
2.55335
2.77883
2.31372
2.93124
2.92668
3.19787
2.66279
2.57148
3.32853
3.47873
2.66949
2.5655
2.67413
2.96703
2.19758
2.29911
2.55206
3.61201
2.23307
2.98657
3.28502
2.52467
3.12738
2.71392
2.72725
2.99501
3.26115
3.27605
3.11115
3.08875
2.53704
3.00961
2.81379
3.58146
2.28069
2.59962
3.63955
3.57744
2.9544
3.16277
2.55034
2.88171
2.78814
2.4342
2.11293
2.70564
2.55034
2.67054
2.83416
2.81379
2.59962
3.31474
2.82814
2.62889
3.55063
2.65815
3.24494
2.70814
3.24637
2.8063
2.81379
2.53598
2.9998
2.71199
3.07536
2.47701
2.98465
3.00764
2.55206
2.71199
3.4858
2.33205
2.71199
2.66437
2.92667
2.40008
3.36532
2.63364
2.66279
3.23782
3.29134
2.81379
3.37735
2.97514
3.74329
2.65186
2.74747
4.01755
2.8027
2.55141
2.97875
2.98733
2.83516
3.54743
3.15934
2.75508
3.71738
2.92668
2.94047
2.92668
3.33437
2.18127
2.98166
3.24191
2.96641
2.96385
2.40254
2.76906
2.26438
2.51942
2.97386
2.49134
2.53704
2.21676
2.40254
2.21676
2.78099
3.2969
2.21676
2.89427
3.28387
2.40254
2.53704
2.78099
2.21676
3.50471
3.02361
2.55141
2.80976
2.80976
2.80976
2.55141
3.37446
3.12341
2.60791
2.7865
3.91139
2.94755
2.74071
2.95577
3.10599
2.16461
2.97843
2.79941
2.23405
2.38494
2.83141
3.3047
2.94755
2.97843
2.51032
2.74071
2.43349
2.89097
2.83141
2.97843
2.88772
2.34349
2.88263
2.88772
2.51113
2.42043
2.83141
2.51113
2.42043
3.32433
2.60621
3.50839
2.88263
2.53657
3.01529
3.48296
2.83141
3.48296
3.2983
2.83141
2.70577
2.83141
3.39357
2.88567
2.83141
2.60621
2.83141
2.67489
2.83594
2.83141
2.58419
4.00652
2.83141
3.10954
2.85685
3.60333
2.69691
3.21207
2.88263
2.51113
2.94755
2.45964
3.30851
2.55335
2.83141
2.74071
2.83141
3.0042
2.4342
4.18756
3.30415
2.83141
2.83141
2.51113
2.83141
2.52025
2.3613
2.44083
2.51113
2.64616
2.2084
1.94588
2.74071
2.54815
2.46805
3.01244
2.4342
2.51113
2.94755
2.87111
2.53572
2.83141
2.62774
2.69691
2.64395
2.76838
4.18756
2.66746
3.03918
3.03918
2.84111
2.81379
2.83333
2.64107
2.76121
2.67054
2.90231
3.38563
3.3047
2.38555
2.02282
3.06776
1.95247
2.34968
4.09952
3.07207
3.07207
3.07207
3.07207
3.07207
3.07207
3.07207
3.07207
3.18535
3.18535
3.07207
3.07207
3.07207
3.07207
4.09952
3.18535
3.07207
3.67107
3.17669
2.8757
2.34349
2.75322
2.83141
3.214
2.84249
3.39841
2.88772
2.19758
3.05881
2.42043
2.75178
2.51113
3.76307
2.79941
3.85682
2.75508
3.3335
3.27605
2.92029
2.80892
2.74648
2.8096
3.27605
2.21782
2.39497
2.51113
2.01532
2.61503
2.51111
2.25926
2.39497
2.21782
2.57474
2.81379
2.63876
3.10053
2.81477
4.00199
2.67121
2.41885
4.69842
2.65815
3.13288
3.29928
2.64907
3.22806
3.17335
2.92566
2.88903
2.55206
2.56777
2.32734
2.59627
2.23802
2.72128
2.19494
2.68574
3.58158
2.57236
2.23307
3.07536
2.51498
2.93757
2.91269
2.81379
2.86708
2.87744
2.42888
3.57745
2.70044
2.4617
3.06584
2.52717
2.83121
2.95392
2.81379
3.13167
2.34349
2.64763
3.27891
2.81379
3.14997
2.94657
3.27891
2.53572
2.56306
2.53029
1.97261
2.92993
3.11447
2.0191
1.97148
2.81379
2.64616
2.92993
1.97148
2.5489
2.2267
2.69669
2.50128
2.39046
2.2267
3.89253
2.87746
3.14278
2.78814
2.86507
2.47564
2.64588
2.92569
2.72311
3.31047
2.6161
2.7312
2.43667
3.94897
2.55206
3.24665
3.14625
3.10599
3.37277
2.89088
3.21788
3.82519
3.71824
2.83141
3.58686
3.13098
4.26958
3.06374
3.42798
2.74566
3.96222
3.70019
3.01995
3.32247
2.66339
2.39695
2.24354
2.86738
3.04831
3.05234
3.09036
3.14514
2.45329
2.81998
3.09216
2.68007
2.87962
2.64576
3.17614
2.25395
3.15634
2.67272
2.12026
3.05414
2.42043
3.31763
2.46805
2.66339
3.27069
3.02425
3.06354
2.53075
2.67814
2.51504
2.59041
3.20358
2.34349
2.68274
2.82291
4.63893
2.53267
2.24871
2.43178
2.4342
2.56045
3.00669
2.4584
2.8875
2.94576
2.99581
2.4584
2.66026
3.04236
2.83737
2.81141
2.31433
2.81191
3.00726
2.7233
3.30851
2.81492
2.89389
2.80227
3.21801
3.67383
3.38166
2.70116
2.807
2.97474
3.05225
3.2863
2.47564
3.83637
2.65539
2.65539
2.77967
2.75216
2.83141
2.88557
2.83141
2.74071
2.55335
2.83141
2.83141
3.21894
2.83141
2.83141
2.83141
2.83141
2.83141
2.83141
2.83141
2.51382
2.83141
2.83141
2.51382
2.83141
2.51382
2.88557
2.83141
2.83141
2.83141
2.83141
2.83141
2.74071
2.8027
3.0514
2.95069
2.42043
2.74071
2.83141
2.88557
2.88557
3.57148
2.52089
2.74071
2.7884
2.69691
2.83141
2.83141
2.59506
2.93165
2.88557
2.88557
2.88557
2.83141
2.7884
2.83141
2.88557
2.83141
2.88557
2.7884
2.88557
2.88557
2.88557
2.83141
2.83141
2.88557
3.38104
2.83141
3.97673
4.46861
4.60227
5.14887
4.99832
4.023
3.29953
3.21256
3.74746
3.41118
2.47605
3.48195
3.29953
2.39912
3.53763
2.39912
3.13145
3.17622
3.29953
3.64103
2.41712
2.48982
3.78934
3.62557
3.08197
2.75886
3.34649
4.25222
4.46861
3.23788
2.13341
4.39745
2.61438
2.48982
3.40608
2.53754
3.41118
3.41118
2.41712
3.21928
2.45857
3.76825
3.17622
2.82173
2.37526
3.29953
2.37896
2.90568
2.30202
2.30202
2.84978
3.40608
4.10237
2.39273
4.82584
2.98488
3.30211
2.77339
4.50008
3.29953
2.70044
2.51728
2.65358
3.54394
2.39273
3.29953
3.16087
3.41977
3.54991
2.62072
2.96747
3.33577
2.81974
2.76323
3.10139
2.14558
2.7865
2.76215
2.76215
2.14558
3.48151
2.51384
2.25211
2.75726
2.64379
3.37503
2.14558
2.93359
2.95473
2.79987
2.46757
3.65424
2.50971
2.79633
3.48498
3.66577
2.96747
2.58907
2.39912
2.96747
2.96747
2.39912
2.23491
2.39912
2.9075
3.29012
2.59219
3.20433
3.57675
2.79633
2.44057
3.30409
3.16081
2.41936
1.89843
2.77978
3.61939
3.54041
2.46966
3.36049
2.34467
3.92953
3.66837
2.79633
3.08819
2.56131
3.77553
3.08819
3.44115
2.80111
2.79633
3.43742
2.68382
2.87227
3.61939
2.34467
3.54041
3.43742
2.82993
3.43658
2.80111
3.66837
2.44057
2.38016
2.51526
2.79633
2.30322
2.52727
3.51183
3.30409
2.79633
3.54041
2.53723
4.16787
2.42365
3.44667
3.43658
3.65816
2.51526
2.39912
2.44057
2.30322
3.01845
3.7216
2.9002
2.48982
2.39912
2.78994
2.82993
2.79633
3.06983
2.42365
3.20433
3.66824
3.43658
2.55032
3.37093
2.60596
2.20219
2.70044
3.24805
2.97924
5.19285
2.15772
2.49802
2.30202
2.78994
2.4056
3.36305
3.36137
2.20121
3.43353
2.40029
3.00225
3.5808
2.25458
3.56867
3.45542
3.05136
2.26172
2.47061
3.08197
2.25175
2.10209
2.78541
2.78994
3.46802
2.49802
2.40475
2.37011
2.74737
2.06661
4.66168
3.31442
2.39912
2.48427
2.18275
2.86686
3.29946
2.88704
3.56398
3.30211
3.30211
2.96747
2.54392
3.13475
4.38831
2.64741
2.10209
2.60596
3.23557
2.21252
2.1413
2.66108
2.88704
2.50146
3.30211
2.88704
2.54907
4.2191
2.28945
4.55649
3.66478
4.64477
2.73432
2.76327
3.2677
2.88704
1.9343
3.99791
3.07519
2.73432
4.76151
2.52922
4.49443
2.28945
2.30322
2.47927
2.69424
2.73844
2.583
3.04453
3.46802
2.5686
2.61849
2.64928
3.21683
4.66912
2.91353
2.83486
2.30202
3.69808
2.02516
2.33294
2.83486
2.02516
2.37896
2.38928
2.42715
2.8042
2.37183
2.5821
2.82173
2.48352
2.54024
2.93517
2.23912
2.54494
2.17649
2.65026
2.54688
2.97277
2.65544
2.43417
2.65544
2.02516
2.26687
2.39273
2.43417
2.39273
2.06661
2.39273
2.56474
2.39273
2.02516
2.51728
3.21256
2.1413
2.91277
2.46966
2.42778
2.14558
4.71213
2.14558
2.28785
2.48982
2.65544
2.06661
3.00665
2.91002
2.91002
3.4902
2.62599
2.37011
2.89037
3.6484
2.42227
2.64719
2.62425
2.39063
2.64719
4.42941
3.06457
2.49677
2.7088
2.49641
2.42108
2.74429
2.59653
2.60974
5.36802
2.70965
2.21252
2.78777
2.57258
2.57867
2.7865
3.00488
2.26687
2.65638
2.54822
2.65638
2.61596
4.51458
2.54822
2.29993
4.20115
2.65638
2.65638
2.52188
2.65638
2.81274
2.43208
2.70666
2.81274
2.45752
2.49837
2.54822
2.43208
2.43208
2.65638
4.45252
2.50678
2.81274
2.49837
2.5885
2.96747
2.88636
3.28298
2.96747
2.57665
3.05184
2.57026
2.85361
2.5122
2.96747
2.5724
2.60897
2.6792
3.37093
2.70044
2.15772
2.75254
2.56676
2.37855
2.66183
2.50979
4.80922
2.42365
2.75254
2.48982
2.89372
3.26477
2.48982
2.93517
2.42365
2.93517
2.99324
2.75254
2.89372
2.73403
2.82494
2.61438
2.48982
2.35885
2.51113
2.41936
2.14558
2.33708
3.00163
4.19781
2.40475
2.21823
2.48982
3.49138
3.89591
2.46966
2.75606
2.42778
2.1879
2.42237
2.73432
2.45324
2.73432
2.73432
2.92433
2.3371
2.73432
2.72588
2.73432
2.47499
2.47499
2.35885
2.82173
2.73432
2.35885
4.32698
2.47499
2.55192
2.42365
2.70158
2.73432
2.73432
2.81274
3.36456
3.62358
2.62156
3.4593
2.32866
2.82494
3.02269
2.42365
2.78554
2.50887
2.15402
2.52401
2.64239
2.86155
2.19497
2.44727
2.86155
2.11783
2.64362
2.38016
2.70044
2.30322
2.26344
2.7088
3.32333
2.78785
2.46081
2.14558
2.41936
2.46081
2.68027
2.42451
2.28945
2.35444
2.40608
2.62911
3.73305
2.34467
3.74018
3.31395
3.12817
2.46081
3.63576
3.65011
2.62156
3.07169
2.10209
3.14779
2.54024
2.53723
2.64984
2.34467
2.51954
2.27101
2.80067
2.14558
2.38016
2.80067
2.35105
2.80067
2.5778
2.80304
2.41936
2.38016
2.97428
2.96747
2.81556
2.73432
2.83141
2.80431
2.41404
2.76082
3.32276
2.62295
2.80844
2.72928
2.4963
2.38016
2.87349
2.45752
2.72928
2.66299
3.29393
2.67898
2.35444
2.69094
3.56596
3.32276
2.56638
2.73909
2.54392
2.82909
2.64331
4.22004
2.78994
2.78994
2.4871
2.70044
2.88704
2.77923
2.81476
2.28945
2.88704
2.43417
3.66501
2.70044
2.88704
3.23557
3.17645
3.60009
2.78994
2.42237
2.40029
2.42237
2.96973
2.65335
2.45752
2.57492
2.47927
3.39183
2.46966
2.96747
2.88704
2.7737
2.7183
2.42365
2.68389
2.28945
2.25397
2.12223
3.52272
3.37503
2.08078
3.2477
2.87103
3.17569
2.62295
2.78994
2.71163
3.33407
2.57347
2.39273
2.61759
2.84289
2.45718
3.73056
2.49533
2.51106
2.78994
2.23509
2.54367
2.64719
3.14007
2.38016
2.51728
2.39273
2.43417
3.12347
2.39273
2.48982
2.39912
2.65544
2.06661
2.311
2.43863
2.39273
2.10209
2.30202
2.46966
2.70044
2.15611
2.39912
4.19282
2.43863
2.36682
2.60974
2.15611
2.83681
2.45615
2.51728
2.21252
2.28945
2.141
2.56676
2.72333
2.46392
2.38494
2.40029
2.47683
3.49508
2.37855
2.42227
3.00741
2.10237
2.59955
3.77031
2.55192
2.61508
2.70825
2.35885
2.83283
4.18513
2.45752
2.90231
2.63083
3.69364
2.30322
3.92482
2.02516
2.96908
2.50706
2.10209
3.91223
3.61203
4.05739
2.75975
4.15645
4.12257
4.18544
2.41936
2.42778
3.85647
3.48496
3.25897
3.53487
3.64829
3.882
4.73779
3.63346
3.44845
2.92063
4.02296
2.25397
2.61438
2.21252
2.34467
4.12478
2.30322
2.33294
4.45465
2.32866
2.25397
3.68504
2.10209
2.48982
4.36255
2.48982
2.02516
2.46253
2.48982
2.61798
3.6838
2.10209
2.17911
2.14558
2.34508
2.73432
2.38016
2.2464
2.38016
2.53225
3.15748
2.71477
2.41936
3.04421
2.70044
3.09896
2.34118
2.28325
2.81003
4.13887
3.37503
2.50887
3.42156
3.06457
2.38493
4.1714
2.48985
3.01622
4.35511
2.30322
3.98011
3.59989
4.16498
4.30095
2.69691
4.35511
2.42365
3.89398
4.51811
4.35511
2.65547
2.72588
2.46103
3.01622
2.02516
2.13341
2.20035
2.70693
2.93942
3.01622
2.55875
2.17946
2.61498
2.17946
2.48985
2.55477
2.45752
2.91291
2.38493
2.17946
2.36682
2.43863
2.72555
2.55477
2.26879
2.36682
3.00826
2.7769
2.46103
2.55477
2.55875
2.82917
3.33828
2.74213
2.51297
3.33828
2.48985
2.46103
2.55477
2.64779
2.72555
2.76314
2.38493
2.55477
2.79895
2.68387
2.46103
2.61498
2.17946
3.61634
2.48985
2.72555
3.59056
2.17946
3.59056
2.77795
2.59454
3.49482
3.56172
2.23569
2.17946
2.17946
2.70872
2.17946
2.46103
2.36682
2.28945
3.30945
2.55477
3.34227
2.10049
2.28945
2.55014
2.58907
2.65025
2.21252
2.25397
1.97351
4.33851
3.70526
4.34341
4.21474
4.45976
4.27393
2.51113
4.21557
3.52296
4.31203
4.34341
4.36273
3.89277
2.37526
2.7134
3.09406
3.03183
2.61331
3.30176
2.44995
2.80431
3.1559
2.18275
2.74034
2.70044
2.35277
2.43138
2.38016
2.76662
2.92724
2.70044
2.61251
2.42365
2.73403
2.36222
2.42778
3.4023
2.35444
2.87074
2.42365
2.42365
2.33294
2.42365
2.51297
2.78785
2.11466
2.15611
2.49837
2.17946
2.39273
2.83872
2.89364
2.81658
3.58645
2.70044
2.42237
3.51151
3.19377
2.02516
3.12032
2.64469
2.30322
2.54647
2.34467
2.70044
2.42365
2.64773
3.21872
3.09098
2.78994
2.5821
2.78348
2.31795
2.70044
2.36222
2.89058
2.63775
2.81658
2.78348
2.93597
2.72744
2.41936
2.4834
3.09098
2.91882
2.86753
4.03461
2.14558
2.02516
2.62107
2.52624
2.30322
2.39912
2.34467
3.9352
3.11123
2.52089
2.42365
2.42365
2.54337
2.42365
2.91774
3.2678
3.37121
2.52973
2.35444
2.33294
2.46081
2.23946
2.34467
2.42365
2.41936
2.83877
2.42365
2.83877
2.91774
2.23946
2.0503
2.85046
2.54151
2.73432
2.08465
2.83141
2.83141
2.83141
2.42237
3.09889
2.83141
2.43417
3.11813
4.77667
2.5838
2.53421
2.83141
2.56121
2.42715
2.50887
2.79895
2.66536
2.68281
2.80431
2.51297
2.46081
2.55014
2.42108
2.62911
2.42365
2.52604
2.42365
2.56419
2.30322
2.70521
2.42365
2.46081
2.42365
3.25277
2.74981
3.14999
2.28787
2.46081
2.70875
2.70044
2.46081
2.42365
2.7276
2.44586
2.32034
2.70521
2.86036
2.7276
2.42365
2.30322
2.72588
2.92116
2.93359
2.38016
2.78785
3.94152
3.38737
3.85427
4.47733
5.09036
4.72127
4.23076
4.26916
3.67903
5.157
2.64203
3.85617
3.53798
4.71814
3.65221
3.40765
3.59087
3.68058
2.55462
4.92786
3.94152
4.68551
3.04801
3.28297
3.78656
3.37996
4.01623
4.94486
3.19052
3.80621
4.60939
4.39177
2.57539
3.0926
3.5028
2.55764
3.81249
4.64812
3.66723
3.83332
3.13767
3.16844
4.87129
2.93272
2.90438
2.99397
4.05807
3.36457
3.94159
3.18124
2.55462
2.66735
2.42365
2.55462
3.51504
4.26122
4.25531
2.33294
4.42386
2.97379
3.02454
3.1879
2.55462
4.31753
2.69068
2.7088
4.18084
3.08946
3.145
2.94372
3.98314
4.18084
4.18084
2.40244
3.05062
3.27804
4.05301
2.42365
3.95424
2.7088
4.16098
2.33294
2.78777
3.4511
2.42365
3.0248
2.78777
3.37996
2.7088
2.78777
5.157
3.33386
2.55462
4.06843
3.37156
3.44337
3.39087
2.4342
2.47564
2.55462
3.16701
3.59318
2.47564
2.55462
2.45752
4.96617
3.145
2.68888
4.92595
2.54151
2.78777
3.04801
4.77629
2.90227
3.2896
2.81486
2.97921
3.82229
2.79164
2.85912
3.02971
3.82337
2.55764
2.94473
2.54591
4.21683
3.50113
3.99542
2.83676
2.7935
3.11498
2.56306
3.02273
3.89654
4.03631
3.2691
3.145
3.145
3.95956
3.5189
3.5189
3.06003
3.12177
2.95205
3.86485
2.55462
3.39171
2.76082
2.7947
4.70266
2.42365
2.7088
2.78777
3.07988
3.38031
2.42365
2.91679
3.74258
2.78777
2.46392
2.42365
2.70274
3.04801
3.19611
3.02971
3.04801
2.7088
3.43442
2.63662
2.80556
3.11413
2.78777
3.38031
2.66735
3.02273
3.23457
2.63662
3.43442
3.145
2.87182
3.39171
3.34946
3.11011
2.44727
3.4978
3.04801
2.77325
2.51517
2.47564
2.78777
3.21354
2.55462
3.05062
2.27198
3.2066
3.145
2.55462
3.37996
2.09956
2.88211
3.78342
2.141
4.39628
3.06603
4.85634
3.06603
3.06603
3.52567
4.07377
3.145
3.145
3.02458
4.51255
3.28926
2.78777
3.37996
3.83205
3.36689
3.28926
2.99926
3.37996
3.10885
2.56306
2.78777
3.5039
2.7088
2.69068
2.13344
3.14715
2.68389
2.55462
2.90929
2.61471
2.68389
2.6568
3.02273
2.72004
2.54151
4.28733
2.89179
2.81486
2.81486
2.70877
2.81486
2.89179
2.55462
2.55462
2.81486
2.81486
2.81486
3.06603
3.45715
2.59804
2.81486
2.89179
2.70877
2.81486
2.81486
2.81486
2.89179
2.4342
2.81486
2.74994
2.40244
2.89179
2.81486
2.4342
2.4342
2.89179
2.81486
2.81486
2.81486
2.55462
2.4342
2.81486
2.70877
2.81486
3.07029
2.4342
2.95731
2.78777
2.81512
2.78777
2.3371
2.54151
2.83735
2.57665
2.66943
2.61168
2.80297
3.08282
2.78777
3.08946
3.03425
3.06603
4.22354
3.81947
3.61499
2.21252
2.9684
2.50971
2.8797
4.07388
2.9532
3.111
3.02458
2.9532
2.7088
2.95731
3.16992
3.49272
2.66252
3.61193
3.58623
2.9532
2.8771
3.58638
3.08463
3.4711
3.26566
2.34467
3.04783
2.7088
4.23821
3.18998
2.78777
2.73375
2.86249
2.67012
2.7415
4.04789
3.43976
3.19536
3.04801
3.3369
2.55133
2.983
2.56306
3.4711
2.86249
2.66735
3.7209
2.78777
3.87992
3.4276
2.78777
2.68255
2.95624
2.83607
3.61233
2.95731
3.26566
2.9253
3.3844
3.01067
2.7245
3.03425
2.77468
4.13805
3.98796
3.73754
2.63553
3.79061
3.02273
3.08187
3.03425
3.7543
2.35095
3.40524
3.37637
3.87613
2.46392
2.43074
3.9121
3.7611
3.81974
2.89727
2.81821
3.02458
3.48218
2.78777
3.20386
4.34876
2.88046
2.78777
3.53389
2.81486
3.9949
3.04801
2.78777
3.28995
3.08946
3.48218
3.34032
3.48218
5.32543
2.8147
3.145
3.08946
2.63662
2.91704
3.27847
2.7265
2.55462
2.56306
3.21857
2.94082
3.38031
2.35364
3.4276
3.48218
3.0949
3.02273
2.68389
3.02273
3.02273
4.20076
2.78777
3.29731
3.67838
3.91347
3.45406
3.02273
3.02273
3.7704
3.145
3.02273
3.02273
2.74565
3.02273
2.74966
3.02273
3.02273
3.59245
3.04733
2.68389
3.02273
3.9725
2.7947
2.55462
3.0543
3.145
3.23433
4.07423
3.79888
2.92564
2.89179
2.55462
3.54569
3.07757
2.78777
2.66735
3.62289
2.64222
2.78777
2.64203
3.18661
3.65327
2.78777
3.67062
3.35991
2.52141
3.40753
2.45496
3.37996
2.46392
2.9383
2.78777
2.27198
2.66735
3.02683
2.42108
2.34467
3.24933
2.34467
3.03255
2.53638
2.91796
2.53638
2.78777
2.64203
2.69707
3.35967
3.14715
2.42365
2.7088
3.38031
2.34467
2.96293
2.54494
2.6117
3.48498
2.53638
2.53638
2.92217
3.37883
2.83572
2.9012
3.36032
3.46836
3.14715
5.31395
3.16701
3.17052
2.54151
4.18092
3.21407
3.78864
2.98918
2.91714
2.88071
2.59998
3.58208
2.8432
2.69566
2.3371
2.53638
2.47564
2.64203
2.84605
3.36268
3.24554
2.45752
2.45752
2.46392
2.47564
2.7088
2.42365
2.66735
3.37156
2.47564
2.7947
3.08181
2.76082
2.47564
2.54151
2.55462
2.91796
2.34467
3.58208
3.58261
2.53638
2.7088
2.78777
2.4508
2.30322
2.46392
3.37996
2.55462
3.20195
2.80431
2.55462
2.59998
2.55462
2.54151
3.73754
3.48218
2.97564
2.66735
2.54494
5.24232
3.40946
2.82157
4.33297
2.88596
3.38031
2.78777
3.13044
4.59731
3.21657
3.05229
3.12495
4.20406
2.01369
3.29628
2.93942
3.34061
2.01231
2.5661
3.6223
3.14715
3.90618
2.7088
2.55462
3.03918
2.45752
3.145
2.91185
2.96551
2.54151
4.13805
3.28867
4.51012
2.52141
2.91185
2.95184
2.9977
2.54151
3.81523
2.53638
2.57026
3.44523
4.42785
2.68389
3.47986
3.05164
5.85033
3.05728
2.80109
2.78777
2.67248
2.39442
2.42365
3.26812
2.79976
2.55462
2.82664
2.66735
2.45752
2.6568
2.78777
3.00966
2.59351
2.6568
3.59318
2.42108
2.42108
2.78777
2.55462
2.54151
2.42108
3.59781
2.89179
2.35095
2.73814
3.02273
3.25776
2.78777
2.59676
2.35095
3.40524
2.35095
3.11419
3.75216
2.82687
2.93942
3.29183
2.78777
2.7088
3.16706
2.25386
4.40366
3.07757
2.81486
2.55462
2.56306
3.40828
4.60939
2.56306
3.73623
3.02461
2.93528
2.55462
2.78777
3.02458
3.5189
2.36682
2.99926
2.89179
3.77377
2.55462
2.55462
2.4342
2.64203
2.55462
2.55462
2.78777
2.55462
3.28297
2.37855
2.93272
2.42365
2.80431
2.93272
2.93942
2.64203
2.56306
2.67248
2.56306
2.59351
2.4342
2.85032
3.35991
2.55462
2.76082
2.55462
2.55462
2.34467
2.93942
3.08946
2.55462
2.59351
2.59351
2.47564
2.64203
2.55462
3.02683
2.78777
2.59351
3.02683
3.02683
3.21538
2.33294
3.60355
2.55462
2.52161
3.17689
3.23456
2.97533
2.54151
2.82664
3.38897
3.50447
3.16993
2.55206
3.16499
2.34349
2.55462
2.56306
2.56306
2.19758
3.50447
2.90227
3.21538
2.55462
2.55462
3.31073
2.45496
2.98918
3.50447
2.84232
2.55462
3.01308
2.81379
2.37855
2.76652
3.02737
2.55462
2.81379
2.54151
2.66735
2.64203
2.52826
2.95605
2.55462
2.55462
2.67248
2.55462
2.33294
2.87903
3.02458
2.47564
2.55462
3.02458
2.27656
2.75921
2.3371
3.60285
2.4342
3.02458
3.145
3.99647
2.71777
3.145
3.08946
3.12495
3.47204
2.48022
3.73754
2.53638
2.53638
2.85631
2.73414
2.81486
2.01231
2.5368
2.15613
2.55462
3.06603
2.78777
2.78777
2.94376
2.69068
2.55462
2.55462
2.74994
2.4342
2.89179
3.75386
2.69707
2.4342
2.55462
3.55026
4.20478
2.47564
3.55026
2.98072
3.55026
3.15124
2.72533
3.31073
3.36464
2.6568
3.55026
2.47564
2.45752
2.85631
5.22923
3.66796
3.3037
3.12659
2.4342
2.89179
2.69707
3.02458
3.145
2.38494
3.12659
2.4342
2.45496
2.7947
2.84232
2.34349
3.54569
3.44216
2.96165
3.61527
3.28297
3.75386
3.61527
2.66684
2.64196
3.4812
2.78777
3.28297
3.2866
3.28321
2.93942
2.21835
3.29132
4.17246
3.48182
2.86694
3.04801
3.04801
2.55462
2.54151
2.55462
2.54494
2.7088
2.55462
2.78777
2.46392
3.145
3.25776
2.46392
2.71777
2.46392
2.78777
2.70877
2.4342
3.12495
3.38031
3.36061
2.47564
2.83735
2.87884
2.99926
2.53638
3.08946
2.91796
2.53638
2.82687
2.6568
2.55462
2.7088
2.59998
2.55462
2.72416
2.55462
2.55462
2.4342
2.55462
2.55462
2.15613
2.33294
3.02273
3.05011
2.69707
2.80109
2.69707
2.33294
2.66735
2.42365
2.55462
2.69707
2.78777
2.7947
2.76082
2.47564
2.87467
2.4342
3.04524
2.76082
2.5661
3.16499
3.12495
2.93942
2.88076
3.61935
2.89179
2.81486
2.81486
2.89179
2.70877
2.81486
2.81486
2.65924
2.81486
2.81486
3.05006
2.7088
2.89179
2.80175
2.81486
2.4342
2.93528
2.83563
2.70877
3.24933
2.70877
2.81486
2.4342
2.55462
2.55462
2.89179
2.81486
2.89179
2.4342
2.46392
2.55462
2.81486
2.4342
3.65327
2.81486
2.55462
2.4342
2.81486
2.81486
2.64203
2.79141
2.47564
2.81486
2.84483
2.4342
2.81486
2.4342
2.90227
3.12495
2.81486
2.81512
3.69552
3.28205
2.81512
3.45494
4.79786
3.3612
3.81655
2.63797
2.73614
3.62974
3.69552
2.91796
2.78777
2.78777
2.53638
2.91185
3.51817
2.33294
2.64203
3.2595
3.14715
2.76082
3.07548
2.78798
2.9466
2.9308
2.98309
2.47564
3.01
3.0813
4.53255
5.36386
4.98202
4.34338
4.26808
3.24107
3.92313
3.0813
4.26789
3.79994
2.46766
2.46766
2.46766
2.46766
3.0022
2.46766
2.46766
4.50712
3.39508
3.16581
2.71275
3.91947
3.25756
2.46766
2.46766
3.46109
4.18823
2.46766
2.46766
2.52352
3.2474
2.71275
2.82643
2.15613
2.99565
2.97149
3.41348
3.21561
3.06306
4.53255
2.46766
3.67741
3.01243
2.61184
5.16627
4.57172
4.35653
4.20376
3.35842
4.06406
3.69974
2.99922
3.98083
3.52747
3.03601
3.72042
3.3065
3.53802
4.08975
2.89736
3.79962
3.14016
3.21096
3.15012
2.92251
2.89643
2.86339
2.96912
3.28158
3.15603
3.29529
2.70142
3.35622
2.97912
3.05021
3.13769
3.18245
3.14342
3.32297
2.29993
4.30713
3.30514
2.30279
2.45297
3.37848
2.08421
2.66955
3.44438
2.76795
2.90232
3.71225
3.23013
4.02521
2.39912
2.21176
2.57915
2.915
3.59732
3.26599
2.39912
2.53505
2.18359
3.31251
3.16658
3.17946
2.78887
2.74071
2.29993
2.81344
4.68495
3.1825
2.8631
3.82897
3.12611
3.00088
2.56497
2.93098
2.94542
2.85114
3.55858
2.61361
2.90722
4.45156
3.2993
2.86313
3.4035
2.9886
3.87737
2.53505
2.93098
4.51628
3.77305
2.87781
3.13754
2.763
3.21421
3.2353
3.03438
3.44361
3.65028
3.95756
2.60234
2.77059
3.14294
3.65712
2.89262
3.16277
2.39912
3.19558
2.87746
3.29233
2.81882
2.23527
2.85628
2.27697
3.13822
3.06474
3.61036
3.53238
2.97146
4.35024
2.42377
2.66955
3.08428
4.56645
2.63215
2.97236
3.81469
2.76629
3.0087
3.11146
3.23358
4.58192
3.15876
3.15876
3.05801
3.98327
2.68587
2.93356
2.5381
2.55875
2.8901
3.87501
3.89798
3.15876
3.6429
3.6602
2.61507
2.76952
3.24427
2.66955
3.2685
2.56497
2.48772
2.41484
3.27176
2.57659
3.49336
2.90348
3.36359
3.16277
3.87244
3.29173
2.61184
2.94733
3.2942
3.15749
3.49302
2.56133
3.21862
3.21043
3.08222
3.27769
3.01367
3.02769
3.85187
2.73583
2.62782
2.31843
3.12111
3.33746
3.07805
3.25486
3.13127
3.27605
3.75364
2.87129
3.19404
4.29877
3.25591
2.77509
3.2724
2.7904
2.54726
2.60578
2.52969
4.3911
3.05384
3.19353
2.53505
2.69336
2.96572
2.89719
2.99229
2.53505
2.90048
3.95695
3.50899
3.65028
2.74071
3.19019
3.01586
3.99444
3.03552
3.54233
2.30322
2.81379
3.1074
1.94738
3.50543
3.05021
3.17606
3.17276
3.52726
2.79109
2.91722
2.32048
2.67771
2.73331
2.54296
2.30279
2.28301
3.14823
3.27888
2.71898
1.82309
2.57803
2.44158
2.66735
2.90262
2.34461
2.66286
2.92911
2.90705
2.67967
2.66286
2.58677
2.63439
2.81772
2.63439
2.81772
2.68322
3.06281
2.54506
2.90705
2.66286
2.81772
2.68322
3.01505
2.81772
2.90705
2.68322
2.68322
2.92911
2.68322
2.81772
2.58593
2.68322
2.81772
3.15321
3.71068
2.58677
2.9283
2.63439
3.15213
3.06281
2.76923
2.81772
2.81772
2.81772
2.90705
2.81772
2.9283
2.52345
2.87947
2.63439
2.54506
2.95557
2.90705
3.15321
3.17419
2.68322
3.06281
2.81772
2.81772
2.90705
2.81772
2.68322
2.90705
3.1136
3.15321
2.81772
2.63439
3.27605
3.01876
3.05814
3.19662
3.389
2.63226
3.34955
2.89519
2.39448
3.62698
3.27605
2.47815
2.94086
3.00966
3.02426
2.24354
2.3681
2.96086
2.76555
2.75636
2.23713
2.23713
2.8861
3.31893
2.83141
2.48189
2.31647
2.9563
2.53168
2.50383
2.37529
2.66676
2.48189
2.78562
2.4058
2.4058
3.56826
2.82072
2.8596
2.89017
2.85286
2.65088
2.48189
2.85286
2.85286
2.54282
3.27605
2.85286
2.82072
2.6447
2.67133
2.31647
2.50383
2.48189
2.33317
2.86729
2.84278
2.4058
2.94661
2.85286
2.72698
3.27605
2.72698
2.68744
2.71746
2.5793
2.94661
2.55145
2.52952
2.33317
2.72698
2.5793
2.55145
2.78653
3.34393
2.72698
2.68624
2.70152
2.5793
2.4058
2.36409
2.89017
3.29679
2.72698
2.72698
3.10764
2.6447
2.48189
2.59858
3.57556
2.6985
2.76428
2.85286
2.55145
2.55145
2.55145
2.6554
3.14514
3.55992
2.7351
4.11111
3.21815
3.08365
3.21815
3.49639
2.91413
3.08365
3.34181
3.21815
3.21815
3.08365
3.21815
3.21815
3.21815
2.77329
2.8537
1.88835
3.70483
2.67837
2.63993
2.77278
3.03719
2.85218
2.94774
2.81324
3.4378
2.7367
2.43962
2.52206
3.08066
2.96115
2.65875
2.75231
3.30815
2.53977
2.51113
2.53371
2.79087
2.46415
2.43962
2.89202
2.57412
3.41978
2.3681
2.36409
2.41484
2.7768
2.53572
2.79328
2.4421
2.67269
2.88557
2.95918
2.6672
2.8618
2.36409
2.46404
2.69643
2.6022
3.55497
2.48189
2.55145
2.48189
2.94526
2.60778
2.6022
2.48822
2.43717
2.64508
2.6672
2.69294
2.36409
2.44427
2.61684
2.53121
2.40257
2.69294
2.91256
2.86256
3.72039
2.69668
2.60778
3.03864
2.78668
2.81882
2.94774
2.58184
2.54422
2.86093
2.58184
2.46404
2.6672
3.05878
2.14153
2.83918
2.6672
3.16841
2.50383
2.31825
2.73353
2.41484
2.5327
2.78562
2.6929
2.50383
2.31825
3.53129
2.37332
3.37775
2.4058
2.4058
2.73392
2.56799
2.48189
2.50383
3.20649
2.4058
2.61684
2.57862
2.64651
2.50575
2.61411
2.73184
2.81882
2.78668
2.48189
2.75602
2.48276
2.5866
3.15848
2.62899
2.89786
2.91256
2.36409
2.52751
2.48189
2.39962
2.91256
2.79731
2.66446
3.28401
2.54422
2.77514
2.73184
2.53171
2.38844
2.9701
2.62928
2.77329
3.07698
2.50225
3.69795
2.49189
2.60778
2.80948
2.83666
3.06474
2.54072
2.54934
2.40257
2.55337
2.73655
2.48488
2.67523
2.88469
2.58184
2.85456
2.96515
2.55145
2.71329
2.7367
2.50575
2.7367
2.55337
2.54934
2.36409
2.50575
2.64078
2.6022
3.53321
2.6022
3.03823
2.82812
2.69294
3.04447
2.98064
3.55592
2.31163
2.71329
3.26399
2.52062
2.48189
3.05423
2.80874
2.79328
2.44115
2.97675
3.02537
3.68363
2.43743
2.92264
2.75101
2.88404
3.19672
3.07698
3.47959
2.94863
2.97224
2.6672
3.72222
2.83694
2.5985
2.6672
2.54934
3.16139
2.55337
2.81324
2.763
2.89842
2.85456
2.6401
2.89734
2.65448
3.88136
3.39001
3.069
3.09803
2.70913
3.0968
3.13529
3.46109
3.16971
3.59648
2.92017
3.6092
2.85869
2.92017
2.79324
3.62792
2.78293
2.92017
2.46404
2.66952
2.8274
2.64808
2.69691
2.69691
2.92017
3.08983
3.78855
2.64808
3.63652
3.05833
3.87316
2.55875
2.6929
3.08979
3.05833
2.99685
2.55875
2.32048
2.45632
2.55763
2.91882
2.24354
2.59929
2.87408
2.89719
2.32048
2.70173
2.58677
2.32048
3.13119
2.41484
4.10444
3.07698
3.09267
2.93781
2.38377
2.85218
2.76555
3.17515
3.13796
3.05535
3.15321
2.71715
3.3425
3.4603
2.85445
3.38624
3.05202
3.38275
2.85857
3.06431
3.25636
3.12137
3.23923
3.23923
2.60234
3.11899
2.97224
2.84095
2.5445
2.43372
2.92633
2.80009
2.36409
2.55738
2.59158
2.52415
2.50225
3.35112
3.01968
2.50225
3.46936
2.63005
2.64613
2.91276
3.40434
2.98609
2.92633
2.50225
2.899
4.01375
3.6548
3.7658
2.41824
2.50225
3.20005
2.50225
3.92435
3.20704
2.73674
2.68546
2.84023
2.36409
2.92911
2.79185
3.08425
3.06588
2.81772
2.57175
2.50225
2.79356
2.62814
2.68961
3.14238
2.50225
2.78028
2.84068
2.66064
3.16277
2.64791
2.62946
3.04967
2.67967
2.64078
2.91481
2.15613
2.44343
2.91481
2.96199
2.50225
2.36409
2.58184
2.64508
3.11497
2.81772
2.9498
3.10152
3.24227
2.67755
1.97043
2.48998
2.32048
2.86102
2.66412
2.96659
2.43091
3.16277
2.81379
3.04159
3.16263
3.49336
3.16277
2.81772
2.49698
3.71845
2.68276
2.5446
2.8274
3.41972
2.54014
2.96038
2.96038
3.01505
3.27074
2.62814
2.25893
3.19322
3.2437
2.99296
2.68807
3.55263
3.34783
3.38336
2.82758
2.96038
3.03603
2.73086
2.53526
2.98648
2.57209
3.73178
2.91882
2.4354
2.84764
2.60888
2.93069
2.36409
2.87369
2.76346
2.8274
3.35725
2.6672
2.6672
2.6672
2.6672
2.6672
2.6672
2.6672
2.6672
2.5327
2.6672
2.6672
2.6672
2.6672
2.6672
2.6672
2.6672
2.6672
2.6672
2.6672
2.6672
2.6672
2.6672
2.6672
2.6672
2.6672
2.6672
2.6672
2.6672
2.6672
2.6672
2.6672
2.6672
2.7367
2.6672
2.6672
2.6672
2.91229
2.6672
2.6672
2.6672
2.6672
2.79309
2.6672
2.6672
2.6672
2.6672
2.6672
2.6672
2.6672
2.6672
2.6672
2.91229
2.6672
2.6672
2.6672
2.6672
2.6672
2.6672
2.6672
2.6672
2.6672
2.6672
2.6672
2.6672
2.6672
2.6672
2.6672
2.6672
2.6672
2.6672
3.56204
2.6672
2.82506
3.78003
2.39454
2.94526
2.94526
2.94526
2.54934
3.12613
2.54934
2.54934
2.70756
2.54934
2.54934
3.12557
2.54934
2.54934
2.54934
2.54934
2.54934
2.54934
2.8274
2.8274
2.93685
3.67302
3.49336
3.49336
2.65291
3.70554
2.62242
3.28749
2.90419
2.79442
2.73481
2.88958
2.93945
2.71669
2.71669
2.69336
2.71669
2.71669
2.71669
2.73481
2.84144
3.9194
2.78228
3.32173
2.4236
2.70694
2.44463
3.05489
2.95845
2.89179
3.07612
4.38048
2.75917
3.40514
3.47946
2.74583
2.68283
2.5127
5.06743
3.49111
4.29753
2.81682
3.20694
3.34371
3.70259
3.88519
2.88827
3.456
2.97594
3.26339
3.41612
3.76857
2.93669
3.41612
3.15417
3.47986
4.07599
3.27655
3.18865
3.09844
3.10653
3.28574
3.02623
3.00768
3.21326
3.55696
3.38326
3.34828
3.32814
2.82042
3.60855
3.73639
2.72833
2.84362
3.74549
3.37315
3.11413
3.23865
3.47986
3.46479
3.46224
3.47986
2.89173
3.11183
2.8422
2.35276
2.99298
3.76285
3.76695
3.06395
3.0501
3.2286
3.64503
2.89836
3.02959
3.36911
3.37758
3.18699
3.24716
3.53453
3.24946
2.59265
3.41535
3.04455
2.80835
2.76913
2.95578
3.55018
2.91675
2.95578
3.13005
3.07243
3.34612
2.48853
3.07243
3.05972
3.26812
3.37956
2.7852
2.98794
3.3015
3.34612
3.27918
3.80803
2.83981
2.95578
2.9797
3.08332
2.95578
2.95578
2.95578
3.0034
2.96817
2.95578
3.38757
2.91675
2.95578
3.44699
2.88467
3.6351
3.37315
3.97565
3.64118
3.12451
3.37315
4.35113
3.51199
2.94063
3.33478
3.4223
3.43682
3.08332
2.00088
3.3231
3.26812
3.75842
3.65495
2.88853
3.07982
3.18914
3.01092
4.47404
3.24716
2.96335
3.28867
2.7484
3.21233
3.47652
2.55043
2.9983
2.99298
3.28867
3.50536
2.13447
2.42127
2.96623
3.28867
2.05974
3.28867
3.28867
2.35529
2.52598
3.13911
2.7524
2.80942
3.16313
2.69058
2.66166
3.55983
3.17144
3.37315
3.4306
3.62461
3.35724
2.55974
3.05972
2.27416
5.15775
3.81112
3.01384
3.31912
2.99005
3.25991
2.80422
3.38598
3.44472
2.68359
3.93561
2.99005
3.31074
2.65101
3.33412
3.28867
2.93295
3.28711
3.42837
3.59984
2.79143
3.34328
2.87318
3.83537
3.59984
3.08023
2.60213
3.19862
3.28574
2.96546
3.21574
3.21156
3.19862
2.96474
2.73569
2.47328
4.0044
3.28867
3.3487
3.33566
3.01384
2.60292
3.15006
2.81795
2.95873
3.7417
3.4812
4.00062
2.81696
2.97119
3.01601
2.89797
2.95549
2.96546
2.79569
3.07574
3.07574
3.07574
3.14136
3.07574
2.54447
2.7227
3.07574
3.07574
2.71556
3.07574
3.07574
3.07574
2.7227
3.07574
3.07574
3.07574
2.3894
3.07574
3.07574
3.07574
3.07574
3.07574
3.17603
2.3894
3.07574
3.07574
2.3894
2.54447
3.07574
2.24184
3.07574
3.07574
2.96716
3.07574
3.07574
3.07574
3.07574
3.07574
3.07574
3.07574
3.07574
3.07574
3.29703
3.07574
3.08325
2.97052
3.07574
3.07574
2.7227
3.07574
2.54447
3.07574
3.07574
3.07574
3.07574
3.07574
3.07574
3.07574
2.91686
3.07574
3.07574
3.07574
2.3894
2.24184
3.07574
3.37315
1.96518
4.17898
3.07574
3.07574
3.07574
3.07574
2.9854
2.7227
3.07574
3.07574
3.07574
3.07574
2.47388
2.54447
3.07574
3.07574
3.04949
2.9059
3.07574
3.10575
3.07574
3.07574
3.07574
3.07574
3.07574
2.54447
3.05699
2.7227
3.33412
3.07574
3.07574
2.97594
3.07574
2.78775
3.07574
3.07574
3.07574
3.07574
3.07574
2.7227
3.07574
3.07574
3.07574
3.07574
3.07574
2.54447
3.07574
3.07574
3.07574
3.07574
3.07574
3.07574
2.25544
2.87542
3.07574
3.07574
3.07574
3.07574
3.05699
3.07574
3.07574
3.07574
3.07574
3.07574
3.07574
3.07574
3.07574
3.07574
3.07574
3.07574
3.07574
3.07574
3.07574
3.07574
2.99884
2.99849
3.43442
2.56743
3.09844
2.53105
2.98176
3.43442
2.73285
3.5189
3.15949
2.78949
2.81733
2.87773
3.307
3.34536
2.89446
3.78425
3.15958
3.07017
3.27813
2.95102
2.90512
3.09658
2.83288
2.7783
2.79782
3.17741
2.93734
2.76979
1.97233
2.01224
2.26788
2.20455
2.08917
2.98027
4.00373
2.58642
3.21599
3.01891
2.20455
2.81385
2.70073
3.08325
2.68767
3.26812
3.31912
3.06487
3.37315
2.47194
3.34612
2.92181
3.06388
3.14136
3.31209
3.56178
4.73258
3.18363
3.81112
2.50401
2.89679
3.37315
2.98658
3.20827
2.88853
3.22756
3.26556
2.97456
3.25239
3.22756
3.97738
2.63862
3.52214
3.34375
3.24705
2.9797
3.34612
2.84016
2.93669
2.88103
3.05266
3.11413
3.20518
2.93828
2.93364
4.35785
2.55935
4.58682
3.3015
2.79217
3.12168
3.18921
2.39491
2.76756
3.15006
3.24985
2.60481
2.95873
3.0372
2.79782
2.95927
3.61257
2.9573
2.91382
2.89784
3.13838
3.49536
3.56359
2.60358
3.41679
2.96459
3.49536
2.96546
2.96546
2.96546
2.96546
3.00762
2.96546
2.92643
2.92643
2.96546
3.05688
2.88098
2.92643
3.07104
2.96546
2.92643
2.99417
2.92643
4.24659
2.88853
2.96546
2.92643
2.97535
3.15136
3.33266
2.77608
2.17658
3.27571
2.64384
2.97361
2.82833
2.79757
3.18914
3.17946
4.01173
3.50249
3.08654
3.16176
3.09498
2.68486
3.4552
2.95267
2.95873
2.99298
3.00963
3.15136
2.82833
3.21023
3.05287
3.35122
2.88524
3.71208
3.18529
2.8462
3.41877
3.05066
3.36659
2.92153
3.67506
2.73417
2.95702
2.97535
3.24601
2.29196
3.24716
2.97535
2.91254
2.97535
3.14417
3.41151
2.58562
3.05287
3.43442
2.86837
3.40957
3.83693
2.77876
2.97535
2.67307
2.97746
2.84949
3.20126
2.34623
3.14843
3.15664
3.18363
3.09969
2.67307
3.15664
3.09969
2.67383
3.43442
2.70048
3.15876
3.23571
2.80075
2.52701
2.64083
2.29196
3.29047
2.67987
2.96546
2.80347
2.49409
3.05301
2.81437
2.84688
2.64083
3.10977
2.49409
2.09965
3.14783
3.31206
3.04385
2.85983
2.85983
2.99584
3.2194
3.82161
2.96817
3.60579
3.19845
2.61642
2.38066
3.13199
3.37315
2.88853
2.91901
2.69788
2.88513
3.17946
3.07029
3.17946
2.64836
3.08654
2.9286
3.6897
2.36595
3.41164
2.56896
3.16852
2.6874
3.00922
2.64321
3.56359
2.56743
3.04427
3.73326
3.07041
2.49827
3.43708
3.6749
3.17052
3.70878
3.09969
3.35555
3.11921
3.71393
3.19052
3.71126
3.22252
3.17946
3.17603
2.75479
3.08654
2.75153
3.16272
3.07516
2.88285
2.51485
3.04668
2.81582
3.24671
3.31206
3.81112
3.55724
3.10049
3.55185
2.80543
3.23311
2.95234
3.09293
2.93691
2.80024
2.97368
3.24565
3.045
3.29703
3.27105
2.5969
2.77485
3.29059
3.60903
3.08645
3.27918
3.2286
3.4552
3.07925
3.01891
3.55719
3.09788
3.73326
3.2286
3.05699
3.17741
2.98027
2.42889
3.05699
2.52598
3.54062
3.33249
3.57487
3.04429
3.51376
3.32499
3.28981
3.15524
2.7684
3.36674
3.41023
3.25624
3.38601
3.54062
3.33907
3.57487
2.88098
3.06321
3.15524
3.1715
3.70696
2.79569
3.14786
2.81731
3.10222
2.89296
2.92191
2.89503
2.89296
3.46689
2.79143
3.47986
3.08734
3.0372
2.94218
2.79751
3.0626
3.07041
3.25442
3.27655
2.79757
3.27105
2.93791
3.05153
2.89146
3.06102
3.14
3.45495
3.71001
2.77966
2.66126
3.17181
2.51512
2.96442
2.96746
3.30204
3.05266
2.51478
2.98363
3.14682
2.42991
3.10818
3.20126
3.95992
3.13716
2.94321
3.50496
2.96474
4.42941
2.55389
3.3015
2.55452
2.97535
2.55469
3.47624
3.27134
3.04668
3.24072
3.15664
4.80877
2.37955
3.35549
3.34612
3.15011
3.09969
3.56521
3.09796
3.56521
3.17382
3.15444
3.52618
2.69708
3.34623
3.56521
3.56521
3.56521
3.16097
3.56521
3.34623
3.52618
3.34623
3.17382
3.20807
3.17382
3.52618
3.20807
3.20807
3.63784
3.34623
3.34623
3.21359
3.56521
3.39168
3.56521
3.52618
3.52618
3.20807
3.56521
3.56521
3.52618
3.56521
3.52618
3.56521
2.92241
3.20807
3.72222
3.09844
3.05941
2.61046
3.05868
3.16097
3.17032
2.0366
2.40656
2.33046
1.99579
2.1711
2.31807
2.36569
2.0366
2.61503
3.38977
1.90736
2.50385
3.46654
2.86787
2.36569
3.48351
2.31807
2.0366
3.37622
2.1711
2.1711
2.89246
3.48686
2.8689
2.57309
3.11221
2.55389
3.17052
2.92643
3.43682
2.76517
3.37315
3.50127
3.48495
3.71375
3.31206
3.2022
3.52651
3.15136
3.50127
3.16176
2.6649
3.26812
3.05992
3.19996
2.94717
2.61046
3.47827
2.71236
3.19207
2.85821
2.87256
2.89477
3.21023
3.06487
3.72001
3.29637
2.60213
3.38757
4.18218
3.15782
2.64583
3.43109
2.45309
2.99654
2.59416
3.14195
2.7009
3.07041
3.37315
3.18914
2.68044
2.81398
3.10655
3.27571
3.15136
2.96474
3.19207
3.33266
3.13458
2.82833
3.41474
2.51485
3.58045
4.05793
3.05301
3.34909
3.72222
3.17201
3.4036
3.00756
3.18914
2.97331
2.70048
2.92514
2.79436
3.97738
3.31912
3.59296
2.80076
2.50456
3.58874
3.40016
2.68929
3.5189
3.10582
2.91249
2.60038
3.64466
2.64321
3.36659
2.88323
3.32593
2.9059
3.6897
3.41164
2.83638
2.58562
2.83762
3.73326
2.99006
3.55719
2.82833
2.87665
2.69788
3.37962
2.77481
3.10791
2.69788
2.79039
2.69788
4.37156
3.28699
2.24016
2.79782
3.22908
2.9047
3.32196
3.25442
3.54784
3.378
3.25442
3.4541
3.4541
3.378
3.378
3.378
3.4541
3.34375
3.4541
3.4541
3.378
3.378
3.4541
3.4541
3.25442
3.09717
2.82481
2.98532
2.39603
2.92643
2.9841
3.05328
2.9719
2.89589
2.77788
3.69003
3.28867
2.44382
3.06072
3.00639
3.17181
3.2691
3.25416
3.01601
3.75647
3.23865
3.58045
3.307
3.58045
2.96736
3.00639
2.95267
2.76785
2.78825
3.00963
3.47827
3.19962
2.66552
3.06487
2.28875
2.64183
3.28762
3.19962
5.21937
4.35669
5.05007
4.07504
4.20788
3.97068
3.02181
4.34965
4.46443
3.47608
3.18535
4.00944
5.00368
3.81182
3.24427
3.13147
4.39503
3.48649
3.2595
3.14466
3.70902
4.26375
2.90048
3.18372
3.84496
3.54435
3.6917
2.4212
4.83159
2.4212
4.19057
3.17341
4.27974
4.12321
4.27777
3.18201
3.50722
3.9448
3.80398
4.14492
3.58275
3.28032
2.45786
4.52563
2.97228
4.33111
2.94376
3.04066
3.55076
2.96858
4.27974
4.78352
3.57468
3.58668
3.55076
2.46622
3.95189
3.75655
2.84191
3.64331
3.15957
3.84496
3.02294
4.33686
3.61118
3.67777
3.17184
3.04238
2.78499
4.04696
3.26542
3.0855
2.84842
2.91106
3.26542
3.14485
3.03578
3.33034
2.8027
3.44188
3.21718
3.26542
2.75692
3.97972
3.15723
3.72732
3.26542
3.33034
3.95979
3.38722
3.26542
2.43391
3.33034
4.87626
3.3817
3.26542
3.11206
3.95703
3.13261
3.26542
3.83001
3.26542
3.20217
2.34514
3.06648
3.293
2.5807
3.7529
4.75377
3.27673
3.33034
2.92976
3.78946
3.88536
3.54406
3.67323
3.69918
3.69897
4.08338
2.79721
2.12995
3.01371
3.90736
2.69172
2.83004
3.16277
5.90167
3.07179
3.34595
3.51005
3.24148
2.80263
3.62478
2.9149
2.85857
3.13456
3.42601
3.00864
2.43071
4.34353
3.28128
2.77476
3.37567
3.22173
3.04337
2.91462
3.23527
3.03418
3.05285
2.45364
3.53807
2.87997
3.61721
2.7639
4.22627
2.99127
3.33972
2.99002
3.99035
4.87652
2.94608
3.0053
4.08665
3.7833
3.1036
3.2874
3.04879
3.00939
4.26856
3.47259
3.59768
3.52019
3.34154
3.27676
3.0396
3.01282
2.84754
5.04598
3.32065
3.2771
2.6083
2.975
4.21257
3.00628
3.02182
2.76932
2.9515
3.06966
2.62313
4.01524
3.5173
2.92482
4.01346
3.55626
2.62313
2.72229
3.93915
2.82222
2.5577
3.09779
3.44179
3.25154
4.01369
3.33641
3.15694
4.21682
3.2848
2.96794
3.30726
4.36835
2.6278
3.84541
3.71617
3.89261
2.75692
2.58179
2.76502
3.18329
3.27539
4.94006
2.84625
4.2488
2.79721
3.748
3.5047
2.95233
2.75692
3.85625
2.80263
3.5741
2.42521
2.80263
3.19144
2.89097
3.01747
3.22356
3.26911
3.12789
2.78495
3.60203
4.30331
3.04337
4.11995
3.36521
3.03418
3.31523
2.89781
5.18559
3.60887
3.12424
2.9846
3.0681
3.45446
3.25624
4.95137
3.34268
3.71246
3.55645
3.0588
2.47693
3.32065
2.99002
2.7639
2.94608
3.87498
4.25517
3.77647
3.60519
3.73883
3.14905
3.53313
2.75151
2.7596
2.48234
2.9778
3.44801
3.30711
2.91418
3.27251
3.381
3.38731
3.89768
3.01907
3.05714
2.79212
3.58042
2.72481
3.34918
3.39197
2.72308
2.94917
3.10032
3.50445
2.97579
3.04252
3.40215
2.79721
3.02963
3.02341
3.09014
2.84481
3.062
3.09014
3.40215
2.98093
2.97579
4.71147
3.20273
3.26282
3.09014
3.35928
3.13571
3.04252
2.9336
2.97579
2.88598
3.92245
3.17036
3.02341
3.40215
3.17787
2.70636
3.04252
2.97579
3.13571
2.88598
3.02677
2.89885
2.84084
3.17036
3.04252
3.08187
2.70121
2.97579
2.76502
3.09014
3.04713
2.97579
3.04252
3.62395
3.33723
2.89885
2.89885
2.9336
3.04252
3.02341
3.10544
2.88598
3.04252
3.01695
2.89885
2.98093
2.78329
3.11604
2.57061
3.01695
2.88598
3.426
2.9336
3.34638
3.00494
2.94692
3.04252
2.98093
2.70121
2.75151
3.09014
3.06457
3.04252
3.09014
4.82108
2.79721
3.1295
2.94002
2.9336
3.02934
2.89885
2.9336
2.70121
3.09427
2.94002
2.98093
2.98093
4.58913
4.60862
3.16157
2.57024
3.04252
3.06457
3.23449
3.00494
3.04252
2.97579
3.01695
2.9336
3.04252
2.89885
3.98086
3.67875
2.97579
3.01695
2.9336
3.04252
3.02341
3.82234
3.04252
3.09014
3.40215
3.00494
3.04252
2.94002
2.70636
2.89885
3.20273
3.26765
2.77631
4.13306
3.0772
3.66607
3.18329
2.761
3.08069
3.70522
2.84625
4.01585
3.08069
4.0464
3.27792
4.44069
2.95233
2.75692
2.80263
3.08571
3.11725
3.12089
3.52815
3.08069
3.08069
2.80263
3.6171
3.91474
3.31523
2.92119
2.94048
2.9846
3.9666
3.81947
3.25522
3.53301
2.97069
3.82527
3.12987
3.02386
3.70539
3.52222
3.14177
3.2479
3.16589
2.65073
3.26071
4.19501
3.81307
3.45121
4.22808
2.26141
3.69013
3.91277
3.48345
3.812
2.87312
3.76889
4.41255
3.16469
3.01529
2.7596
2.66728
3.52039
2.95107
2.7404
3.14194
3.86446
2.94086
3.40998
2.49963
3.43839
3.6317
3.30215
3.91922
4.02515
4.25862
3.24902
2.89756
3.92534
4.13289
3.73806
3.60355
4.10597
3.43828
3.39566
3.5927
3.13177
3.13353
2.75151
3.07179
3.64484
2.79721
3.7524
4.01039
3.91968
2.87154
4.05418
3.17787
2.79721
2.70844
3.86682
2.94692
2.84084
3.15649
4.93712
3.30843
2.80263
3.0772
2.66728
4.59685
4.228
3.64358
2.65364
3.0691
3.91987
4.25632
3.04879
2.6278
4.012
3.44807
3.0396
4.44808
2.34514
3.43983
3.33972
4.83425
3.94754
2.74071
2.85595
4.01102
3.80462
3.09779
3.69595
2.79241
3.43393
2.15593
3.2654
4.12479
2.76932
2.52862
2.9515
3.78532
3.18081
2.55335
2.74032
3.02151
2.93321
3.56012
2.8783
2.95953
3.4926
3.06562
2.87021
3.35717
2.91591
3.57767
2.73481
3.02151
2.91591
3.29657
2.90327
3.17949
3.29088
3.37207
2.75293
3.02151
2.69746
3.16896
2.58151
2.99185
2.81924
2.59084
3.74834
2.37106
2.85062
2.64238
3.32655
2.25662
3.02151
2.85004
3.3094
3.56852
3.38554
3.34335
3.42699
2.86436
3.28539
3.43924
3.13465
3.43655
3.14174
2.93162
2.95113
2.52261
3.02151
3.14253
3.57445
3.02151
3.14253
3.29317
2.91591
2.34989
2.9949
3.59402
3.59402
4.16725
1.94458
3.02151
3.10613
2.63868
3.16207
2.88807
3.14249
3.15288
3.10969
2.51279
3.72123
3.0033
3.96164
3.31468
3.25908
2.87884
3.02151
3.40981
3.48879
2.87479
3.00123
3.64754
1.94732
3.33867
3.06478
2.52854
3.02151
3.30552
2.76483
2.8826
2.37268
2.22897
2.82553
2.70572
3.58108
3.40843
3.05773
3.2697
3.40843
3.66481
3.72923
3.02151
3.72923
2.84282
4.0142
2.78379
3.02151
3.11678
3.73921
3.97597
3.55063
3.1033
3.02151
2.83563
3.35762
2.44385
2.62421
3.47386
3.49363
3.65566
3.25843
3.02151
2.42643
3.31477
3.19618
2.59563
2.52355
3.32914
3.19049
3.25843
3.7922
2.41063
2.8754
2.41063
3.12031
3.67979
3.05006
3.46767
3.71418
2.8875
3.03755
2.72868
3.62287
2.55875
2.91958
2.53572
2.8396
3.10828
2.76923
3.3753
2.68714
3.80246
4.15361
2.41266
2.42043
3.47441
2.99773
3.38334
3.35606
3.69206
3.3114
3.10599
3.20126
2.89284
3.27623
3.10599
3.56176
3.50563
3.25456
3.25381
3.55081
3.27623
3.27427
3.03357
2.54215
3.05872
2.99766
2.14689
2.47993
2.81379
2.86488
3.10375
2.71297
2.62365
2.48688
2.99766
3.49389
2.2906
3.10375
1.85234
3.02477
2.95985
2.47564
2.75178
2.8754
2.17605
2.20108
2.25166
4.02581
3.91451
2.02506
2.86708
3.90881
2.02506
3.66487
3.82351
3.72072
3.52359
3.72038
3.6775
3.72038
3.52044
3.80451
3.25057
3.16966
3.34614
2.81952
3.44856
2.83458
3.20496
3.31352
3.40706
3.32201
3.5353
2.83741
3.99531
3.13443
3.19619
3.48943
2.96894
3.79748
2.35782
2.39345
3.95494
1.97235
2.7641
2.63831
3.65872
2.7559
3.56496
2.63831
3.18717
3.1276
3.4858
2.84571
2.91063
3.16469
3.0741
3.61331
2.80805
3.13789
3.04487
3.46444
3.40553
2.62513
3.2587
3.64133
4.96543
2.66735
3.59071
3.25939
2.47963
2.59764
3.32629
3.93211
3.21346
3.45443
3.50368
3.2813
2.90064
2.85223
2.83781
3.03316
2.57113
3.05637
3.2576
2.74452
2.50762
3.4673
2.78832
3.20789
2.89209
2.65382
3.33683
3.67819
2.96102
3.6948
3.48977
3.67099
3.2633
3.07207
3.37131
2.8187
2.71959
2.70535
3.49489
3.37355
2.99167
2.88124
3.30048
3.57985
3.97678
3.51115
3.03954
3.3655
2.51113
3.4678
2.81486
3.33912
2.92955
3.32594
3.01873
3.10185
3.00067
3.17627
3.82855
3.49368
3.53308
3.1944
3.30482
3.8713
3.52359
3.08188
3.62607
3.18556
2.87284
3.46892
3.49905
3.44141
3.06932
2.98785
2.80642
2.86658
3.09083
2.81181
3.41531
3.0023
3.13564
2.99134
3.28162
2.99134
2.2464
3.372
2.99134
3.60289
3.15471
3.4908
2.99134
2.92906
3.39158
2.99134
3.29432
3.75794
3.3365
3.05453
2.81855
3.08188
2.58035
3.18166
2.24546
3.34238
2.97371
2.68345
2.5687
3.59146
2.10768
3.17973
4.8346
4.01696
2.64878
3.03412
3.05527
3.05493
3.03482
2.363
3.64534
2.9012
3.36543
3.99616
2.52293
2.97977
3.48781
3.47197
2.99525
3.85237
3.09424
3.08208
4.35474
4.45296
3.05527
3.26128
2.56149
3.4351
2.87291
4.11698
4.53147
3.28003
3.77608
3.05497
1.98011
3.81661
2.4841
3.48583
2.38273
2.55294
3.00219
2.9216
2.71995
2.82919
3.01444
2.94674
3.6143
2.96856
3.79346
3.60044
3.60567
3.04979
3.04979
3.71288
3.04979
3.00835
3.7077
3.00835
3.14654
3.21326
2.86881
3.19831
3.60606
3.19831
3.02902
3.5649
2.89125
2.77235
3.19831
3.84339
3.89702
3.85022
4.08766
3.59218
2.96987
3.75476
4.24594
4.86325
4.00644
2.91131
2.59103
2.77681
3.89208
2.7088
4.23446
2.84639
4.01771
2.86625
2.49973
3.60711
4.40366
2.72978
2.44918
2.84639
3.04801
2.98048
3.38897
3.85342
3.7462
3.20196
3.00294
3.7462
4.11747
4.45412
2.86625
3.77667
4.40366
3.5091
3.7462
2.84639
2.86625
4.21331
3.38897
4.94256
4.39654
3.66685
3.83232
2.96018
4.22545
3.95724
5.07987
3.74797
2.23053
3.89703
4.27042
2.93418
3.95724
4.40059
3.89316
3.63292
2.5141
3.2768
2.7088
2.82664
3.38277
4.56341
2.13344
2.13344
2.42108
2.66735
2.78777
2.68813
2.23053
2.52161
3.81523
2.78777
3.92571
2.35095
2.71455
2.13344
2.46253
3.76163
3.06991
2.7088
3.51249
3.18996
3.91756
3.06991
3.7462
3.00841
3.51249
3.41496
2.3371
3.25442
4.25014
3.9346
2.80175
4.29098
3.20743
3.93599
3.20743
2.61922
4.04458
3.06003
3.4902
3.4276
2.34467
3.63292
3.16909
3.44659
4.15587
3.63292
3.16909
4.54114
3.04867
4.04608
3.63292
4.19481
2.78777
3.80361
3.80892
2.78777
2.67248
2.78777
3.63292
4.29037
4.27042
2.68389
2.80844
2.39063
3.06789
4.4629
2.84823
3.85378
3.03401
3.03401
3.217
2.88211
2.91643
2.98019
3.91193
3.37835
3.12495
2.78777
3.40016
3.46981
3.27233
4.53513
3.53685
3.55394
3.7462
2.93252
2.7088
3.72615
3.46981
2.79214
2.25386
3.92757
3.87395
4.01351
3.50627
3.44906
4.09755
2.73575
4.01771
3.26855
3.6421
3.18244
3.18244
3.26855
4.87491
3.43608
3.77879
3.07143
3.64921
3.33899
4.42502
3.14856
3.63292
3.14856
3.03755
4.32116
3.98096
3.14856
3.03755
3.13635
3.62225
3.51249
3.62225
3.72615
3.07143
3.62225
4.27275
3.62225
3.26855
3.30122
2.89179
3.95912
2.89179
2.70675
2.7088
3.19544
3.30801
2.42365
2.78777
2.66735
3.04801
3.12495
2.66735
3.04801
2.96444
3.22896
2.84639
3.59495
3.16837
3.65365
3.04801
3.20262
2.95627
3.51249
3.2066
2.7947
3.41386
2.82056
2.85514
2.95627
2.6356
2.78777
3.74279
2.73841
2.68813
2.95627
3.41386
3.70059
3.38897
3.41386
4.48718
2.82056
3.16909
2.56306
3.50156
3.84482
3.43663
4.91654
3.1318
3.72615
3.98151
2.9177
2.95158
3.38854
2.95878
4.05287
4.26551
4.90603
3.04867
3.25842
2.6117
2.78777
2.53638
2.51106
3.75021
3.4783
3.55389
3.36889
2.91131
2.25604
2.78777
3.02785
2.91597
2.95158
2.69068
3.48182
3.69205
2.95158
3.56107
2.45752
3.12495
2.6117
2.3371
3.30122
3.38811
2.78777
3.41304
2.78777
2.78777
2.45752
3.31
2.46253
3.12495
2.78777
2.94193
3.63292
3.3176
3.29637
3.33224
4.02648
3.1539
3.40917
2.88211
2.59318
2.54151
3.50627
2.54151
2.78777
3.41304
2.55462
2.55462
4.01771
2.78777
2.78777
3.38897
2.54151
2.69068
3.72615
2.8561
3.42933
4.23821
3.26855
3.09012
3.16909
2.78777
3.12495
3.50627
3.25842
3.47078
3.42933
3.43442
3.47078
2.64203
3.04867
2.3371
4.24531
2.7947
2.56306
3.16852
3.23344
3.09894
3.17257
2.46253
2.42108
2.93252
2.45752
3.02785
3.89783
3.07143
5.30248
3.27954
2.60754
3.18244
3.27954
3.34446
3.27954
2.96078
3.13635
3.34446
3.27954
2.94476
3.18244
3.27954
3.33899
3.23344
3.03755
3.09894
3.16852
3.18244
3.09894
3.27954
3.07143
3.16852
3.07143
3.16852
3.18244
2.92957
3.16489
3.02418
3.09894
3.27954
3.34446
3.27954
3.13635
3.09894
3.27954
3.43608
3.18244
3.03379
3.16852
3.27954
3.27954
3.16852
2.78777
2.78777
2.64203
4.03338
3.25488
3.28371
2.78777
3.89522
2.7088
3.25488
3.08169
3.08169
2.64203
3.04781
2.78777
2.64487
2.64487
2.78777
4.34922
2.78777
3.23595
2.63083
2.9208
4.29119
2.71085
2.7088
3.06991
2.66735
2.66735
4.46324
2.8771
4.78352
3.71473
2.80518
3.14715
3.16909
3.41304
3.07104
3.30744
2.64203
3.76386
4.14118
3.17257
3.04867
2.7713
2.65264
2.57026
2.50971
2.7088
2.78777
2.78777
2.78777
2.78777
2.78777
2.67248
2.64203
2.78777
3.4276
2.78777
3.54569
2.81251
3.12495
3.33386
3.4276
3.50127
2.78777
3.36268
3.38254
3.33386
3.51923
3.33386
3.50127
2.8237
2.8237
2.78777
2.42365
2.78777
1.84624
2.78777
3.38031
2.13344
2.7088
3.83553
3.09012
3.5189
2.9177
2.80709
2.66735
3.00841
3.12495
2.51106
4.67784
2.68389
3.66723
2.87743
2.84232
2.68389
3.17879
2.56306
3.28544
2.78777
3.04701
3.09287
3.75536
3.19866
2.69068
2.6117
2.35095
3.65
3.01032
4.66842
3.42598
3.98555
3.44513
3.53708
2.78777
3.26694
2.64203
3.28186
2.87868
3.25488
2.87868
2.9263
3.16067
2.92332
2.69068
3.11969
2.80175
2.8165
2.78001
3.44692
2.68813
3.80892
2.27198
3.79834
2.66735
3.68359
3.37315
2.78777
2.78777
3.40016
3.02971
4.17597
4.20424
4.05931
5.15657
5.62361
5.99303
4.98843
4.8962
2.94193
3.94736
3.40524
3.07149
2.89686
2.64203
2.59944
3.21009
2.47511
4.16113
2.90231
3.09492
3.6402
4.71321
3.66518
4.32589
3.37092
3.49152
4.28465
3.79634
3.19083
3.53329
2.86494
3.24378
3.30999
3.45535
3.48693
3.31935
3.27382
4.02045
2.89616
3.7695
3.41645
2.55204
4.22631
3.89052
6.00591
3.38058
3.47437
3.38983
3.58359
2.8074
3.1254
3.77517
2.86114
4.3288
3.05217
3.2599
2.78777
3.48218
3.38058
4.05993
3.45778
3.06603
3.11556
3.76532
2.67248
3.32999
3.09735
2.90227
2.93513
3.25222
2.78777
2.9012
2.51106
2.68281
2.9012
3.47765
3.6181
2.56306
2.64203
2.90227
2.704
2.57539
3.39111
3.19207
4.10192
2.64203
2.7947
3.67045
3.6797
3.44744
3.53329
4.10748
2.24637
3.94519
3.85324
4.07796
3.7268
3.79214
3.02683
4.10192
3.62011
3.54321
2.7088
3.44744
2.55462
4.8811
3.02821
3.54534
3.85324
2.84479
3.2125
5.50294
3.0417
4.29457
3.65874
3.62915
5.175
3.35697
2.35095
3.60209
4.09093
2.54151
3.12611
2.86788
4.38428
3.4916
2.86694
2.51106
3.38058
2.64203
2.85373
2.78777
3.145
2.86694
4.69046
3.22329
2.56306
3.5918
2.86694
3.77368
3.4916
2.84232
2.35095
2.98666
2.67248
2.64203
2.80749
2.80749
2.88957
2.98666
2.9012
2.98666
3.1137
2.85498
4.84835
3.06908
3.10333
3.04922
2.81486
3.41451
3.3644
3.04922
3.26761
2.51761
2.26344
2.26344
3.10579
3.10006
2.74889
2.81379
2.80982
2.64203
3.57976
3.36894
2.93191
3.04801
3.66569
2.88886
2.55462
2.51106
2.85257
2.55462
2.93191
3.44587
2.78083
3.76118
2.64674
2.98828
3.02972
3.45521
3.10589
5.15144
3.76118
2.80109
3.06321
2.91185
2.91185
3.19445
2.68281
2.91185
2.91185
2.91185
3.69675
2.91185
2.91185
2.81379
2.68281
3.05645
2.89179
2.81486
3.19792
2.77763
2.4342
2.46596
3.06603
3.1545
3.16499
3.16781
2.92195
3.14715
2.02141
2.68389
2.89179
3.10359
3.145
2.46596
2.64203
2.68281
2.34467
2.8041
2.45752
3.5298
3.40566
2.55764
2.54494
3.36689
2.55204
2.9845
2.55204
2.56306
2.64203
3.26845
2.56231
3.15193
2.90227
3.12201
3.15193
2.72906
2.55462
2.97921
2.59983
2.93715
2.59983
3.2619
2.91551
2.8074
2.52638
2.8074
2.91704
3.32527
2.64203
2.79205
3.51138
2.55462
3.2414
3.03222
2.55462
2.64203
3.16077
3.1468
2.56306
2.64203
2.90227
3.5298
3.28555
2.90227
2.69068
3.31454
2.45752
2.37855
2.93388
2.81049
2.55133
2.90227
2.71777
2.90227
3.19445
2.71777
2.64203
2.71777
2.63064
3.28995
2.78777
2.45752
2.46596
2.64674
3.48498
3.28888
2.80518
2.55462
2.52098
2.4342
2.42365
3.145
2.68044
2.43071
3.145
3.57331
3.26285
3.02972
3.3037
3.44587
3.60463
3.05055
3.50471
3.59536
2.47564
2.64203
3.5208
2.97921
2.46392
3.28785
2.93942
3.54957
2.55462
3.20759
3.15343
3.13743
2.47564
4.09996
3.11547
3.62159
3.07548
3.66408
2.37855
3.60363
3.62159
2.56306
3.36554
3.58546
3.79666
3.066
2.91185
3.55955
2.91185
3.48693
3.02972
2.81379
2.62599
3.65261
3.01618
2.55462
2.97921
3.53354
3.7418
3.2859
2.75548
2.59318
3.34878
3.53101
2.54151
2.55462
3.58208
2.68389
2.81486
2.8849
3.0367
2.68389
2.99926
4.46026
4.2011
3.6181
4.4209
3.33644
4.60225
5.53077
4.81811
2.88097
4.52531
4.52531
2.90008
2.35095
3.91606
2.55462
3.12495
3.12659
2.62519
3.73541
3.40812
3.35697
2.54151
2.71669
3.07336
2.52161
2.55462
2.92029
3.92075
2.59103
2.55133
2.76082
2.55133
3.35267
3.85342
3.09768
3.09768
2.9845
2.9012
2.8304
2.9012
2.9845
2.7333
3.02683
3.01341
2.30322
2.86694
3.45406
2.26344
2.26344
3.46994
3.17272
3.16228
3.42593
3.42593
3.37831
3.37831
3.37831
3.59241
3.30038
3.0163
3.15446
3.0163
3.22404
3.38058
3.22404
3.0163
3.38058
2.6039
2.6039
2.6039
2.58592
2.6039
3.95851
3.17066
2.52182
3.93102
5.31149
3.59333
2.6039
3.15633
2.55462
3.42206
3.56164
2.89118
3.60414
2.6039
2.6039
3.60414
3.06001
2.43208
3.22404
2.27656
2.55462
3.57972
2.68389
2.7088
3.58939
3.17324
2.42365
2.64203
3.4276
2.46253
3.11145
3.09155
3.84831
3.145
3.06347
2.93272
2.68281
2.9845
2.9845
2.74974
2.69566
3.03918
3.22786
2.71777
3.7268
3.7268
3.34233
3.04404
2.81486
2.55462
3.53177
2.34467
2.30322
3.10375
2.54494
2.83782
2.9845
2.88168
2.68281
2.55462
3.38136
2.55462
2.21998
2.47914
3.23456
2.47914
2.45752
3.60304
3.86645
3.64416
3.04801
2.81379
3.45406
2.7088
2.91185
2.91185
2.91185
2.47564
2.91185
2.91185
2.46959
2.81486
3.11547
2.91185
2.91185
2.81379
3.05006
2.55462
2.55462
3.25222
2.55462
2.81049
3.61201
4.59301
5.11815
3.88849
3.59006
3.55244
3.98276
4.06808
2.94314
4.47213
3.59006
3.0431
3.80246
3.7541
3.95126
2.4374
3.37162
2.62774
3.03098
3.4218
3.93156
3.73583
3.45084
3.38308
4.19396
2.55875
4.11319
3.4218
4.32976
3.44969
2.68703
2.83141
3.51859
2.62774
3.52349
2.51942
2.74188
2.54399
3.66473
3.44969
3.57328
4.03389
3.65313
4.25484
3.44969
2.85857
2.74443
2.87638
4.05702
3.03098
3.6552
3.97328
3.52007
2.78891
3.81566
3.66473
3.86511
3.66473
2.46706
3.4218
3.19304
3.18041
2.88691
3.52662
2.53114
4.0694
2.52161
2.92158
3.77067
3.91079
3.14542
4.17081
3.24578
4.21153
3.03845
2.30746
3.15631
3.7641
3.11507
3.79636
2.62774
2.95577
4.52653
3.05744
3.66473
2.30746
3.82615
3.06694
2.30746
2.62774
4.08942
2.95716
3.06457
4.23735
3.67474
3.41947
2.98214
3.75799
2.62774
2.9827
3.88849
3.15406
3.46546
3.66473
4.03091
3.03845
4.74401
3.53185
2.23053
3.36068
2.35093
3.02458
2.39595
4.11253
3.2873
3.91651
2.6438
4.69267
3.58997
2.87452
2.93007
4.11353
3.52195
2.51209
4.5803
2.39595
4.12289
2.9113
2.72751
2.79583
3.74052
2.9113
3.78907
3.23274
2.67425
3.80246
2.73481
2.53114
3.83192
3.924
3.02458
3.98276
3.01081
3.36068
4.69821
3.66473
4.59301
2.62774
3.08941
3.04694
4.35394
3.03845
3.41078
3.84216
3.3876
3.93402
4.09166
3.19001
3.65678
4.01726
3.33271
2.63173
3.27558
3.44969
3.48772
2.68929
3.67574
3.5569
2.67837
3.40965
3.52662
2.67396
3.69465
2.982
3.33271
3.69663
3.69465
3.84266
3.89924
3.19694
3.05355
3.41796
3.21865
2.8274
3.45223
3.44855
3.57428
3.86782
4.20296
3.65575
3.92625
3.65656
3.45706
3.77272
3.52058
3.40965
3.57424
3.37416
3.47973
2.69691
3.29343
3.40965
3.06345
3.75939
3.40661
3.79037
3.30065
2.71556
3.86133
3.642
3.87094
4.60768
3.64049
3.74461
3.14817
3.41114
3.5346
3.81802
3.48772
3.33271
3.20005
3.41078
4.06843
3.41078
3.75373
3.37162
3.49113
3.44969
3.44969
3.76669
4.06843
3.79037
3.05623
4.39147
3.54791
3.41078
3.38012
4.45212
3.39136
4.12321
3.40965
3.46761
3.27404
3.45223
3.44969
3.33375
3.89966
3.77272
3.34122
3.85841
3.38012
3.31231
3.37416
3.65242
4.1636
3.72775
3.38012
3.77158
3.58285
3.91003
3.77272
4.50892
2.59962
3.52858
3.99877
4.03533
3.58239
4.40162
3.41078
3.66135
3.44969
3.48772
3.69856
3.7124
3.59557
3.82339
3.37416
3.50336
3.70496
4.14372
3.73382
3.44969
3.37477
3.40965
4.49407
3.37416
3.82314
3.64221
3.75373
3.81075
3.99887
3.39226
2.64616
4.49432
3.43055
3.31754
2.59854
4.08914
3.93739
3.57244
4.03017
3.45223
3.44969
4.13647
3.64391
2.6929
3.33271
3.68862
2.59962
3.92058
2.70044
3.94628
3.66315
2.51113
3.38706
2.50784
2.42043
2.76397
2.78432
3.19216
3.7169
3.8587
4.7236
3.53218
2.97843
2.61094
3.74735
3.24755
3.13801
4.16353
3.62699
3.40524
2.55875
2.83141
3.25843
2.51113
3.67603
3.35683
2.99501
2.83141
2.87172
3.58641
2.59854
2.79675
3.60322
2.69597
3.05397
2.65238
3.12809
3.03845
2.36332
4.53847
2.53829
2.36332
3.33425
2.53316
3.03845
3.14155
2.58822
2.60476
2.274
2.43942
2.66172
2.88816
2.53671
2.6083
2.55875
2.8274
2.94638
3.04144
2.94638
2.94638
3.04779
3.97637
2.62313
4.08606
3.88391
3.69141
3.02458
2.94638
2.96479
2.67372
3.62272
2.94638
3.03497
2.67372
4.0941
2.6974
2.94638
3.66418
3.79986
3.40502
2.94014
2.96437
2.63772
2.94638
3.28634
3.13711
2.69007
3.95156
2.7521
2.86507
2.65075
4.58112
4.08606
3.65222
2.61184
3.61813
2.79675
2.61184
3.15492
4.10526
3.30779
2.93946
2.93946
4.1429
2.75254
3.62093
3.64063
2.74071
3.45008
3.41757
4.08606
3.18535
2.53114
2.52161
2.46136
2.51143
3.57057
2.84275
3.00933
3.14962
3.32663
3.94628
3.05085
3.42307
2.91882
2.16729
2.91882
2.95021
3.26784
2.9113
3.17945
3.07757
2.68035
2.9113
2.91882
3.24047
4.49292
2.91882
2.7768
2.74389
2.83141
2.39623
3.92559
4.43752
2.88704
3.59151
4.40274
4.50742
3.91454
2.91983
3.63484
3.92559
3.11507
3.85603
2.6987
4.16825
3.85603
3.14301
3.92559
3.85603
2.84095
2.89152
3.76037
2.81255
2.59717
2.51193
3.86782
2.89152
3.07603
2.94927
2.84095
3.42455
2.8618
2.89152
2.64257
2.91882
2.88117
3.11876
3.36963
3.53543
3.64571
4.11633
2.7331
3.57238
3.47395
2.64595
2.92029
3.15631
2.77297
2.48177
2.874
2.58907
3.54122
2.54416
3.12619
2.62774
2.62313
2.51113
3.1732
2.78078
2.93007
3.32435
3.03378
2.56663
2.99078
4.19946
3.44417
2.52023
3.21698
2.74664
3.24862
2.69691
3.89173
3.89947
2.37391
2.02079
3.0451
2.95577
2.85102
3.3646
2.982
2.96817
2.52161
2.60078
3.2472
2.82129
3.91217
3.59006
3.03363
3.40969
4.00819
2.62774
3.27605
3.39897
3.39973
3.27015
3.03363
2.54416
3.60872
2.66171
3.70318
2.69087
4.44705
2.94927
3.47399
2.59962
2.64411
2.66408
2.52352
3.06457
2.94927
3.33647
2.42043
2.62288
2.22873
2.92168
2.25489
3.24186
2.60621
2.51113
3.42069
2.71871
3.02844
2.61843
2.56744
2.34349
3.16627
2.4342
2.60604
2.78827
3.00339
2.90747
3.02664
2.82812
3.19659
2.90747
3.72022
3.51754
2.90747
2.9041
2.30746
3.05397
2.90747
2.90747
2.52161
2.61012
3.10381
2.90747
2.3371
3.05252
2.53505
3.52164
3.4218
2.61094
2.83405
2.97006
2.19613
3.3397
2.74933
3.57952
3.4218
3.3905
3.05972
2.38964
2.28945
2.25698
2.34831
2.81379
2.72848
3.46654
3.40417
2.59854
2.81138
2.47667
3.40417
2.52161
2.90747
2.90747
2.91882
2.90747
2.90429
2.90747
2.90747
2.90747
2.90747
2.73481
2.98622
3.12424
3.20996
3.73014
3.16223
3.34743
2.73481
3.74494
3.15116
3.79399
2.98622
3.51285
2.82008
2.50784
2.64684
2.91882
3.39191
2.64053
3.29902
4.02851
3.97673
2.73693
2.93999
3.04683
2.39063
3.00559
3.12167
2.44092
2.75209
2.75209
3.63758
2.52089
2.75209
2.50626
2.75209
2.75209
2.80067
2.75209
2.75209
3.01002
2.68723
2.56306
4.73805
2.59854
2.82812
2.82812
3.01772
2.95577
3.32903
2.89764
2.91882
2.89728
2.3371
2.46166
2.83141
3.09058
3.57732
2.83011
2.95577
2.63692
4.22773
3.8677
3.20027
3.38763
3.18212
3.20027
3.38763
2.86502
2.45364
3.20878
3.77287
3.52331
2.81379
3.52331
3.94577
3.27605
2.68025
2.66369
2.72397
2.42043
3.93251
2.89464
2.81379
3.65645
3.38773
2.58585
2.89245
2.84095
3.13776
2.50626
2.96379
3.50368
2.79404
2.92546
2.71768
3.87813
2.94968
3.08031
2.91565
3.02148
3.36476
2.56105
2.23307
3.93337
3.25843
3.33593
2.63692
3.21158
2.78078
2.68703
3.16849
2.47672
2.83405
3.4276
2.86024
3.68299
3.51034
3.25843
2.40983
2.85073
2.90747
3.04694
2.90747
2.90747
2.90747
2.68703
2.90747
2.90747
2.90747
2.90747
2.90747
2.90747
3.68299
2.6987
3.27667
2.90747
2.90747
2.61094
2.66408
2.90747
2.90747
2.72052
2.90747
2.72052
2.72052
2.94344
2.53829
2.47564
3.68299
2.4342
2.60046
2.51113
2.51113
2.64411
2.4342
2.58719
2.62774
2.53829
2.63481
2.66408
2.62678
2.7314
3.24186
2.58719
2.58719
2.62774
2.62678
2.62678
2.58719
2.77297
2.81379
2.36069
3.58025
2.81379
3.46997
3.24227
2.69643
2.64912
2.79937
2.51101
2.79937
2.57219
2.74071
3.06368
2.65264
2.69643
2.9377
2.58574
2.34349
2.69643
2.88288
2.52161
2.65613
3.14526
2.81823
3.08571
2.69643
2.97006
2.69643
2.69643
2.74071
2.99424
2.42778
2.70044
3.05908
2.38016
2.46865
2.69643
3.04694
2.38016
2.38016
2.93311
2.38992
2.69643
3.0206
2.87002
3.09354
2.74178
3.06207
3.38048
3.06207
3.06207
3.06207
2.45496
3.06207
3.06207
3.06207
2.68113
3.06207
3.06207
3.06207
3.06207
3.06207
3.1179
3.06207
3.06207
3.06207
2.87884
3.27733
3.06207
3.19084
2.92757
3.56183
2.4342
2.62313
2.42905
3.00472
2.8274
3.88636
2.60803
3.06231
3.32683
4.20046
3.03954
2.42101
2.42043
3.86842
2.50626
2.59351
2.5555
2.78765
2.47246
2.60837
3.30873
3.23361
3.05366
2.6462
2.55254
3.37709
2.87952
2.32392
2.90084
2.51113
3.2958
3.32647
2.32392
2.09956
3.44272
2.5409
2.79404
3.11432
3.14391
2.90929
3.06139
2.80067
2.51113
2.34349
2.68787
3.27605
4.30351
2.92029
2.80067
3.58621
3.13941
2.83141
3.172
3.16779
3.58621
2.85267
2.83141
3.44378
2.83141
2.62774
2.83141
2.83141
4.41501
3.55371
3.84952
2.82812
2.95176
3.08425
2.71748
2.94927
2.62899
2.5028
3.19445
4.63316
2.59962
3.65413
3.74483
3.22161
3.93999
3.19084
2.58121
3.60852
3.26876
3.4218
4.12897
2.56744
3.4218
3.24853
2.81379
2.63777
3.40969
3.04694
2.88133
3.00815
2.22247
2.94047
2.83141
2.34349
2.46805
3.84323
2.97215
3.13558
3.56203
2.89152
3.09413
4.00197
2.81379
3.88849
3.4218
2.72308
2.9608
3.2873
2.44482
2.32577
2.79145
3.07708
2.79145
2.24441
2.47564
4.53379
4.44595
4.41576
4.38248
5.43724
3.36657
3.18301
4.27908
3.79328
3.68717
3.68607
3.75099
2.66216
3.50854
3.68607
2.55129
3.65691
2.66216
4.37646
3.53349
3.68607
3.37376
4.28191
3.68607
3.92103
3.10639
3.57984
4.06398
3.55906
2.38756
4.11272
3.72258
3.95968
4.11515
4.01991
3.78968
2.88651
3.57067
3.70097
3.39193
3.49085
3.33377
4.06904
3.6421
3.76335
3.11332
3.65391
3.86924
3.68607
3.70624
4.49448
3.85399
3.68607
3.27927
3.10695
3.45281
3.44683
3.89267
3.12329
2.83108
3.44405
3.35291
3.79085
3.35613
2.84563
3.09476
3.56234
3.83032
4.61685
3.73528
3.23429
3.97519
3.38638
3.58844
4.09079
4.07189
2.93928
3.57429
3.09481
3.57151
3.85739
3.15744
2.92668
3.49043
4.56241
3.81368
3.45399
3.73528
3.37205
3.31823
3.75099
3.94054
3.68717
4.60445
2.689
3.68717
3.68717
4.04338
3.12329
3.68717
3.29549
3.15374
3.638
3.17223
2.7349
3.26812
3.12329
2.8038
2.55129
3.04442
3.53951
3.30361
2.93672
3.11228
4.43623
2.88211
3.07933
3.28719
3.80246
3.24917
3.60714
2.84525
3.40176
3.31454
3.49573
3.16401
3.08596
3.57346
3.69045
3.23615
2.52291
2.91124
3.08405
3.53369
3.20569
2.72603
3.3301
2.93826
3.49283
3.34868
3.14178
3.01397
3.37642
3.27316
3.03305
3.04888
3.44405
3.05551
3.21872
3.08548
4.0132
3.57669
2.50616
2.89371
3.12113
3.46528
2.83646
3.44405
3.56125
3.20079
4.87579
3.21752
3.31823
3.38447
3.56769
3.59163
3.25178
3.17937
2.97178
2.44745
3.13709
3.15374
2.97328
3.2027
3.12329
3.30122
2.72136
3.6248
3.63483
2.77641
3.51794
3.34409
3.57688
2.86711
3.15374
3.31132
2.78439
3.62699
3.49573
2.70102
3.24917
3.23615
2.82265
3.17223
3.08596
2.29461
3.49043
2.93826
3.4719
3.04442
3.30361
3.08958
3.07933
3.60714
3.6248
2.77339
3.15374
4.2011
3.40893
4.14646
3.5884
3.75678
3.58605
2.8589
2.9496
3.33497
2.86192
3.19133
3.18065
3.18065
3.40053
3.18065
3.08172
3.18065
3.18065
3.18065
3.18065
3.18065
3.18065
3.42573
3.18065
3.52882
3.18065
3.34868
3.42573
3.18065
3.75193
3.24158
3.18065
3.18065
3.18065
3.18065
3.18065
3.18065
3.48568
3.18065
3.18065
3.24158
3.58605
3.18065
3.18065
3.18065
3.18065
3.18065
2.92159
3.18065
3.18065
3.18065
3.18065
3.62208
3.18065
3.18065
3.18065
3.18065
3.18065
3.18065
3.18065
3.18065
3.57752
3.18065
3.18065
3.18065
3.18065
3.18065
3.18065
3.18065
3.18065
3.64999
3.18065
3.18065
3.18065
3.18065
3.18065
3.18065
2.97217
2.85633
3.07971
3.15374
2.94796
2.94796
2.95242
3.06244
3.28431
2.85633
3.83997
2.85551
3.27774
3.01899
3.44796
3.59163
3.35012
3.08914
2.98222
3.0856
2.52288
2.71507
3.18947
2.98647
3.0667
2.60783
3.37937
2.97217
3.32619
3.97931
2.88651
3.09806
3.37212
3.24242
3.14414
3.12148
3.88225
2.80728
3.90463
3.56125
3.5383
2.95985
3.19445
3.13304
3.39716
3.30823
3.30823
3.1396
2.81305
2.84873
3.09607
2.64059
2.79362
3.00537
3.07443
4.0585
2.61122
3.06435
3.6607
2.68996
3.06435
2.47306
3.1802
3.00096
2.76777
3.1802
2.90418
3.55106
4.31296
3.38129
4.10679
3.34293
3.1802
3.3401
3.36678
3.0301
3.00096
2.90227
2.94814
3.61479
2.76777
3.06435
2.72574
3.0301
2.47306
3.30855
2.85667
3.10014
3.37053
3.27786
2.3963
3.59336
3.62208
3.71252
3.75991
3.67545
3.15534
3.18337
3.35772
3.96397
2.70102
3.95012
3.12329
3.04012
2.87498
3.70928
3.58024
3.47302
2.83199
3.05551
2.97921
2.70921
3.16457
3.16499
3.5173
3.27316
3.57669
3.2641
3.01397
3.07387
2.9706
3.46528
3.04888
3.20569
3.77924
3.21872
3.14178
2.9009
2.94234
4.41902
2.48404
2.91291
3.22683
3.54459
3.15028
2.96334
2.64059
3.70492
3.10584
2.86501
3.75329
3.44405
2.74129
3.33875
3.5775
3.32152
3.13404
2.57474
3.33094
2.87048
3.21493
3.06828
3.93117
3.77517
3.4291
3.23657
3.56607
3.521
3.47522
3.89749
3.73989
3.332
3.68998
3.57857
3.1688
3.12726
3.87963
3.31898
3.38596
3.38645
3.25507
3.16216
3.19912
3.72121
2.95681
3.18127
4.77976
3.37514
4.07103
3.09439
3.82708
3.70667
3.26313
3.43151
3.73776
3.59708
2.95242
3.49698
3.9817
3.42725
3.15634
3.97723
3.37018
2.7834
3.23657
3.37642
3.02916
3.24445
3.223
3.42217
2.98661
3.14938
3.45908
3.55405
3.2306
4.24707
2.9949
3.44895
3.20868
3.0856
3.45822
3.44405
2.9949
3.44405
3.48688
2.72049
2.66316
2.75669
3.18258
2.87661
3.76291
2.6218
3.11984
3.44405
2.54881
2.89156
2.86952
3.3061
3.09063
3.7762
3.43536
3.41954
2.50797
2.56866
3.37823
2.76842
3.52281
3.41928
2.70306
2.70694
2.76842
3.65835
3.71848
3.27896
2.70306
2.91103
2.64833
3.43415
2.78388
3.29069
2.50797
3.10618
3.34154
3.08169
3.21577
2.47856
2.53425
3.7248
3.33852
2.44377
3.15463
3.13796
2.45597
3.57417
2.83932
2.77219
2.84232
3.40524
3.19636
3.25007
3.31164
3.19251
2.51092
2.94173
3.2407
4.30646
2.58786
3.1539
3.11443
2.86952
2.94133
3.52695
2.72978
3.23284
3.44405
3.44405
3.44405
3.10161
2.86813
3.47965
3.81435
3.2203
3.21399
2.99548
2.93593
3.44405
3.44405
3.44405
3.44405
3.44405
3.44405
2.92487
3.39084
2.55906
2.87658
3.00699
3.41504
3.07757
3.44405
3.44405
3.44405
2.84854
3.44405
3.44405
3.44405
3.44405
3.44405
3.44405
3.44405
3.44405
2.53425
3.44405
3.44405
3.44405
2.40241
2.77249
3.44405
3.44405
3.44405
3.44405
3.44405
3.44405
3.44405
3.44405
3.42849
3.44405
3.44405
3.44405
3.44405
3.44405
3.44405
3.44405
3.44405
3.44405
2.91207
3.44405
3.44405
3.44405
3.44405
3.44405
3.44405
3.44405
3.44405
3.44405
3.44405
3.44405
3.44405
3.44405
3.44405
3.44405
3.44405
3.44405
3.44405
3.32619
3.44405
3.44405
3.44405
3.44405
3.44405
3.44405
3.44405
3.44405
2.86952
3.44405
3.44405
3.44405
3.44405
3.1539
3.44405
3.44405
3.44405
3.44405
3.44405
3.44405
3.01908
3.44405
3.44405
3.44405
3.44405
3.44405
3.44405
3.44405
3.44405
3.44405
3.44405
3.44405
3.44405
3.44405
3.44405
3.44405
3.44405
3.44405
3.44405
3.44405
3.44405
3.44405
3.44405
3.44405
3.44405
3.44405
3.44405
3.44405
3.44405
3.44405
3.44405
3.44405
3.44405
3.44405
3.44405
3.44405
3.44405
2.99743
3.44405
3.44405
3.44405
3.44405
3.44405
3.44405
3.44405
3.44405
2.53425
3.44405
3.44405
3.44405
3.44405
3.44405
3.44405
3.35772
3.44405
3.44405
3.44405
3.44405
3.32853
2.74813
3.35457
3.26537
2.9949
3.10038
2.96316
3.11579
3.18877
2.61564
4.03467
2.91811
3.13781
3.63415
3.10566
3.03826
3.4351
2.86501
3.20693
3.15953
3.51999
3.7892
2.18719
2.66216
2.84377
2.47765
3.23475
2.55458
3.19636
3.19117
3.80902
3.21057
3.33308
3.37212
3.76309
3.40148
3.37212
3.30465
3.37212
3.46282
3.33308
3.37212
3.37212
3.57611
3.28764
3.57611
3.53707
2.67982
3.46282
3.37212
3.37212
3.37212
3.33308
3.57611
3.37212
3.17033
2.69213
2.70561
2.54881
3.21253
2.81998
2.6464
3.6179
2.38077
2.66942
3.06347
2.66935
2.75868
3.04012
3.04012
3.9164
2.71831
2.75341
2.63037
2.85393
3.25611
2.97004
3.01467
3.10427
3.07109
3.28186
2.95935
3.40348
3.03591
3.35397
2.78439
2.479
3.70877
2.5311
2.43765
3.1272
2.56424
3.22817
3.02758
3.21399
3.11739
2.97783
2.82703
3.06602
4.11109
3.00581
3.71181
3.07191
3.19445
2.80021
2.89156
3.10364
3.29312
3.02896
2.98303
3.30326
3.16834
3.86519
3.27911
3.49011
2.60062
2.74791
2.94742
3.57986
3.28621
3.35352
3.01265
3.45873
2.79326
3.23048
3.19896
3.14533
3.70804
3.05551
3.71677
3.58407
3.09787
3.12659
3.71452
2.88263
3.31704
3.20925
3.41031
2.9061
2.52214
3.14161
3.14161
3.05476
3.18065
3.05476
3.14161
3.14161
3.05476
3.06191
3.05476
3.14161
3.05476
3.18065
3.06191
3.05476
3.18065
3.14161
3.05476
3.14161
3.09616
3.05476
3.05476
3.14161
2.78271
3.14161
3.06191
3.05476
3.15185
2.87157
3.14161
3.1791
3.05476
3.23871
3.05476
3.05476
3.14161
3.18065
3.14161
3.05476
3.05476
3.05476
3.14161
3.05476
3.14161
3.14161
3.18065
3.05476
3.14161
3.18065
3.05476
3.05476
3.14161
2.50488
3.14161
3.14161
3.05476
2.90528
3.27058
3.15185
3.4344
3.14161
3.05476
3.5775
3.05476
3.14161
3.05476
3.27774
3.05476
3.14161
2.23477
3.19326
3.09616
3.05476
3.05476
3.14161
3.05476
3.06191
3.05476
2.77292
3.18065
3.14161
3.05476
3.05476
3.05476
3.09616
3.09616
3.05476
3.05476
3.14161
3.18065
3.14161
3.05476
3.09616
3.05476
3.14161
3.05476
3.09616
3.05476
3.18065
3.05476
3.09616
3.09616
3.05476
3.05476
3.14161
3.05476
3.09616
3.05476
3.14161
3.05476
3.14161
3.14161
3.09616
3.18065
3.05476
3.05476
3.16499
3.14161
2.92741
3.09616
3.18065
3.05476
3.18065
3.05476
3.09616
3.05476
3.06191
3.05476
3.05476
3.05476
3.05476
3.14161
3.09616
3.09616
3.07757
