3.25373
3.43291
2.90173
2.60261
2.88454
3.60962
2.04439
2.59429
2.84913
1.26707
3.03169
2.94746
2.00778
1.78097
2.65595
2.57701
2.65274
1.90042
1.31138
1.49393
1.41202
1.79353
2.35398
2.39772
1.40336
1.92573
1.10021
1.92573
1.49393
2.62101
2.70938
1.785
1.2898
2.44527
2.00677
1.49393
1.49393
1.92573
1.37297
2.4777
1.52414
1.56855
1.34939
1.31938
1.52589
0.98479
1.67897
1.76713
1.57893
1.92573
2.80681
2.12084
1.3152
1.92573
3.23616
2.44285
1.61863
1.06587
1.49393
1.92573
1.57315
1.92255
1.54648
1.6123
1.75519
1.86583
1.88563
1.49393
1.45595
1.1286
1.92573
2.70079
1.56959
2.48604
1.40336
1.28794
1.49393
2.18467
1.41308
1.31706
1.07139
1.31706
2.22647
2.83063
1.53361
1.2695
1.49393
1.15954
1.83907
1.27496
1.69529
2.12012
2.19173
1.58435
2.01693
2.0002
1.07139
1.94108
1.83758
1.56874
1.24858
1.48094
1.49393
1.65171
1.91997
1.82653
1.38077
1.49393
1.92573
1.54723
1.74255
1.97028
1.65584
2.02215
1.83907
2.05325
1.97145
1.41202
1.71361
2.86082
1.03051
1.59237
1.65439
2.02215
3.05126
1.15491
1.15954
1.92573
1.45565
2.71209
2.23445
1.67897
3.1187
1.91997
1.92573
2.07699
2.12408
2.15182
2.04787
1.52414
1.46381
1.52998
1.44747
1.38439
1.62077
2.63714
1.88349
1.99923
1.99909
1.88349
2.10358
2.13255
2.02998
1.28794
1.74548
2.50265
1.41202
1.85515
1.75324
1.92573
1.40336
1.2898
1.49393
1.3152
1.27496
2.45352
2.39772
1.92573
1.49393
1.43799
2.12012
2.25161
1.2898
2.57586
1.6859
1.50734
2.10524
1.28794
1.3152
1.70182
1.55248
1.77263
1.49688
1.15954
1.15954
1.66873
1.70182
1.98439
1.36553
1.45929
1.37141
1.40521
2.73599
1.02438
1.70982
1.43056
1.42964
0.98479
1.28794
1.39279
1.70047
2.23222
1.19613
2.1049
2.0014
1.57022
1.14409
2.12307
1.65584
1.57022
1.65584
1.52331
2.19093
1.65584
1.62266
1.06587
1.82217
1.92573
1.92573
1.06587
1.06587
1.77462
1.56855
1.45774
1.07139
1.85556
1.82653
1.5285
1.02438
1.20164
1.06587
1.88349
2.40587
1.85515
1.1286
1.92573
1.7728
2.53095
1.40336
1.62043
2.07099
1.83758
1.31493
1.15954
1.65584
1.82217
1.36553
1.92573
1.30768
1.92573
1.92573
1.50942
1.92573
1.49714
1.6123
1.99039
1.92573
1.73066
1.92573
1.52331
1.73066
1.61306
1.75324
2.61481
1.15529
1.48018
2.079
1.73066
1.75324
2.07099
1.92573
1.73066
1.52331
1.92573
2.11701
1.75324
1.48018
1.07139
1.73066
1.30768
1.2898
1.46722
1.73066
2.52738
1.97145
1.73066
3.32516
1.34766
1.97145
1.75324
1.73066
1.85974
1.73066
1.65584
1.65584
1.52331
0.802312
3.18932
1.9151
1.28794
1.18616
1.62043
0.977717
1.6612
1.39547
1.80978
1.07139
1.34316
2.30987
1.42964
1.40336
1.15954
1.15954
1.16462
0.89598
1.4182
1.60934
1.74836
1.51202
1.27496
1.69811
1.84706
1.44034
1.85711
1.52092
1.15954
2.23722
1.06506
2.09834
1.87842
1.89375
2.17636
1.63414
1.27496
2.14747
1.26991
1.15322
2.14747
1.41308
1.79804
1.35881
2.1897
1.49393
2.19173
1.54648
1.36553
2.12085
1.36065
1.31493
1.15954
1.45774
2.83479
1.24952
1.91997
1.40521
1.06587
1.24401
1.36065
1.15954
1.93784
1.36065
1.32492
1.36065
1.19078
1.36065
1.02624
1.15954
1.23833
1.75483
1.70835
1.02438
1.34856
1.41308
1.57022
1.08354
1.87789
1.57022
1.9752
1.7998
1.66667
1.15954
1.9752
1.2898
1.52331
1.57022
1.87789
1.19978
1.369
2.02215
0.89598
1.93783
1.41308
1.15954
1.46722
1.28794
1.96519
1.37176
1.33491
1.16603
1.16603
1.15954
1.15954
1.16603
1.15954
1.16603
1.16603
1.54772
1.56768
1.28794
1.16603
1.15954
1.44339
1.16603
1.16603
1.60641
1.29632
1.0192
3.78129
0.89598
2.47072
2.72728
1.17934
3.07539
2.49941
2.20713
2.34013
2.34013
2.34013
2.34013
2.20713
1.97636
2.10661
2.34013
2.00057
1.07139
2.10661
1.73963
2.20713
2.20713
2.34013
2.05236
2.34013
2.34013
2.20713
2.10661
2.20713
1.15954
2.10661
2.20713
2.34013
2.34013
2.34013
2.34013
1.92908
2.34013
2.10661
2.45554
2.34013
2.10661
2.20713
2.34013
2.34013
2.34013
1.89152
1.31493
2.20713
2.20713
1.73963
2.34013
2.10661
2.20713
1.27496
2.20713
2.10661
2.20713
2.34013
2.34013
2.20713
2.10661
2.10661
2.20713
2.45554
2.10661
2.45554
1.85515
2.10661
2.34013
1.15954
2.34013
1.15954
2.54087
1.07139
3.76869
1.15954
1.0114
1.56945
1.8197
1.36494
1.28794
1.46881
1.15954
1.27496
1.15954
1.09313
1.5285
1.12852
2.29695
1.57179
1.52331
1.70911
1.41308
1.41308
1.07139
1.96265
1.14344
2.27831
1.93989
1.20164
1.48334
1.15954
1.65584
1.36494
1.54598
1.46722
1.68369
1.58263
1.03051
1.33004
1.84932
1.33004
1.83909
1.78969
1.97135
1.73909
1.33004
1.56355
1.48555
1.4182
1.33004
1.61581
1.15954
1.36553
1.56355
1.56355
2.10434
1.84932
1.56659
1.73909
1.43056
1.56355
1.06587
1.85817
1.4723
1.38439
1.84968
1.41308
1.38439
1.15017
1.07139
2.0059
1.2898
1.53336
1.8197
1.91624
1.35881
1.87789
1.87789
1.15954
1.91624
1.28794
3.7212
1.92907
1.15954
1.15954
1.15954
1.15954
1.15954
1.49688
1.23625
1.46722
1.15954
1.27496
1.03051
1.58263
1.23046
1.20583
1.40521
1.77462
2.0059
1.82217
1.51202
1.57022
1.62266
1.60641
1.67056
1.36553
1.57022
1.41808
1.25829
1.57022
1.57022
1.45774
1.34856
1.43035
1.33768
1.07139
1.06587
1.06587
1.38211
1.32171
1.39252
1.58697
1.68192
1.97145
1.95562
1.9831
2.13541
1.92573
1.44551
1.44551
1.07139
1.16042
1.76713
2.03026
1.20905
1.06587
1.49806
1.25829
1.53522
1.66667
1.41308
1.06587
1.15954
2.2998
1.30768
1.90937
1.29132
1.90937
1.43343
2.0196
1.37042
2.21608
2.0196
2.21608
1.29132
1.90937
2.41782
1.03778
1.90937
1.21028
1.52331
1.96125
1.90937
1.23952
1.40155
1.90937
1.86182
1.10948
1.84711
1.3279
1.58614
1.07139
1.3279
1.19764
1.16803
1.21028
1.37906
1.3279
1.56768
1.90466
1.03778
0.949622
1.31996
1.83949
1.72926
1.84647
1.12212
1.07927
1.83949
1.03778
0.774216
1.84647
1.21028
1.21028
1.21028
1.03778
1.72926
1.63955
1.19764
1.03778
1.84647
1.03778
1.07927
1.69167
1.21028
1.63955
1.56141
1.72926
1.84647
1.72926
1.62679
1.63865
1.40155
1.52144
1.34316
1.41358
1.47572
1.54042
1.60598
1.60598
1.34472
1.55434
1.52144
1.41358
3.08528
1.34472
1.23818
1.41308
1.3279
1.19764
1.19764
1.41202
1.3279
1.07139
1.3279
1.10793
1.3279
1.37014
0.949622
1.12212
1.56141
1.21028
1.65113
1.06433
0.949622
1.03778
1.75675
1.60713
1.52144
1.4698
1.60598
1.61306
1.63865
1.28794
1.69612
1.85873
1.15954
1.56141
1.3279
1.56141
1.40155
1.45118
1.3279
1.40155
1.15954
1.49126
1.54042
1.45118
1.56141
1.56141
1.54042
1.65584
1.54042
1.56141
1.56141
1.65584
1.49818
1.65584
1.16803
1.56141
1.3279
1.16803
1.54042
1.15954
1.56141
1.40155
1.32797
1.40155
1.65584
1.56141
1.81828
2.29695
2.46187
2.70049
1.28042
1.36553
1.35881
1.07139
1.15954
1.15954
1.15954
1.15954
1.33768
1.32797
1.33768
1.24952
1.24952
1.33768
1.33768
1.4382
1.32797
1.40336
1.35004
1.33768
1.28042
1.33297
1.28042
1.33768
1.28042
1.22745
1.32797
1.29395
1.24952
1.33768
1.24952
1.33768
1.24952
1.33768
1.32797
1.24952
1.33768
1.33768
1.24952
1.33768
1.33768
1.33768
1.24952
1.32797
1.24952
1.33768
1.22745
1.33768
1.80943
2.07463
1.84395
0.89598
1.15954
1.15954
2.4282
1.15954
1.41165
1.46722
1.15954
1.3152
1.20164
1.40336
1.15954
1.10228
1.57347
1.2898
1.46722
1.15954
1.19613
1.15954
1.46722
1.41308
1.62714
1.09859
1.15529
0.89598
0.89598
1.1868
1.07139
1.15954
2.02033
1.24858
1.16462
1.15954
1.2898
1.43297
1.74836
1.41308
1.46722
1.44007
1.42964
0.969004
1.07412
1.28794
1.07139
1.15954
1.51202
1.12212
1.57022
1.53069
1.80815
1.80815
1.80815
1.80815
1.80815
1.80815
1.80815
1.80815
1.80815
1.35881
1.80815
1.80815
1.80815
1.80815
1.90983
1.257
1.35963
1.15954
1.257
1.06587
1.06587
1.75053
1.25878
2.80767
1.15954
1.15954
1.28042
1.27496
1.15954
1.74641
1.15954
1.41626
1.41626
1.15954
1.66303
1.45774
1.24376
1.41626
1.6176
1.21028
1.46381
1.25599
1.72182
1.57188
1.21028
1.40466
1.93565
1.25599
1.93903
1.25599
1.66556
1.57188
1.45774
1.25599
1.21028
1.66458
0.802312
1.06587
1.15954
1.2898
1.66303
1.15954
1.15954
1.06587
1.24607
1.15954
1.15954
0.892122
1.2974
1.2898
1.15954
1.15954
0.99243
1.15954
1.15954
1.07139
2.26813
1.78097
1.30195
1.15954
1.15954
1.25829
1.01319
1.52331
1.22249
1.07139
1.36553
1.07412
1.40336
1.86731
1.1286
1.49237
1.61685
1.76713
1.19226
1.57022
1.40952
1.81243
1.15954
1.15954
1.63873
1.06587
1.32492
0.901062
1.63993
1.06587
0.955151
1.19133
1.1868
1.19613
1.29665
1.20164
1.24858
1.16462
1.25829
1.2393
1.27496
1.37371
1.53127
2.90797
1.64687
3.60587
3.74807
4.14061
4.09763
3.46044
2.93297
2.7528
2.26632
2.80393
2.2988
1.73583
1.81688
2.13973
3.01357
2.3147
2.96292
1.75351
1.13229
1.23391
1.73523
2.3792
2.84834
1.83566
3.21862
1.02784
2.62876
2.19877
2.41506
1.88248
2.26741
2.68883
2.52091
1.11686
1.58882
3.10342
0.893396
2.37836
3.71298
2.21263
3.45784
1.14841
2.58349
2.56634
1.79905
2.75668
3.01357
2.31979
4.03333
2.75229
2.01895
1.28709
2.12858
1.87379
3.37467
1.6015
1.72455
2.48474
1.07856
2.16729
2.49374
2.78284
2.10796
2.14082
1.79379
2.48236
0.983805
2.53292
1.87358
2.64526
1.84167
2.8603
2.75447
2.40723
1.12611
1.20188
2.48354
1.51871
2.5889
2.08572
1.86595
2.73317
2.22732
0.904759
2.41603
2.86373
2.6783
1.63549
2.28894
2.43351
2.28332
1.29061
2.05441
1.93578
1.86615
1.83158
1.03835
1.63549
2.9086
2.42499
2.38282
1.92168
1.42293
3.18517
1.38213
2.25625
1.90847
1.38722
2.43959
2.36798
2.46577
1.55172
1.33216
2.46199
2.15576
1.62781
3.67695
2.05186
1.64522
2.32139
1.55172
2.28145
1.33216
2.60785
1.33216
1.43091
1.28847
2.01251
2.99869
1.46062
1.64522
1.77547
1.69946
2.41462
1.47479
1.28847
1.55172
1.39251
2.00694
2.02616
1.55172
1.50955
1.78528
1.77547
1.41873
2.06184
2.12491
2.47172
2.03889
1.38722
1.92054
1.59541
1.73562
2.1838
1.90847
1.90847
1.7728
1.55172
1.7374
1.90847
2.0431
2.55844
2.58699
1.59011
1.39508
1.55172
1.28847
1.38722
1.534
2.13486
1.11089
1.23539
1.59884
1.00176
1.59884
1.50882
1.71776
1.90009
1.58477
1.72387
1.67354
1.94071
2.34724
1.6296
1.5695
1.96334
1.55595
1.96334
2.19764
1.71776
2.02613
1.75252
1.32685
1.88416
2.38254
1.74395
1.86461
2.24805
1.86461
1.38722
2.60193
1.91492
2.39796
1.20964
1.74395
2.06422
2.57283
1.67248
1.55155
3.63572
1.67017
1.60152
1.63991
1.34124
1.20964
2.45841
2.0195
2.11749
1.74395
1.49336
1.88972
1.71966
2.12963
1.74395
1.3165
2.26313
2.44684
2.80193
1.43872
1.75117
1.51571
0.955695
1.35318
3.651
1.28767
2.04488
1.88416
2.09443
1.37388
1.43872
2.54625
1.52671
1.44762
2.92452
1.43872
1.43872
1.43872
2.81753
2.24924
1.3659
0.950772
0.893396
2.89876
2.40094
1.84519
1.3659
2.18121
1.43872
1.43872
1.20579
1.77746
1.2067
2.61216
2.06582
1.85938
2.57391
2.34554
1.31806
0.950772
1.78052
2.59495
2.01618
1.20218
2.01618
2.6384
1.10343
2.69412
1.48895
2.2159
1.4954
1.83558
2.22223
2.06882
1.09882
1.63819
1.65348
1.17088
1.37133
1.50263
1.90076
1.68879
1.58202
1.72293
1.44758
1.85554
1.53175
1.3009
1.50028
1.23703
1.81688
2.37983
2.19874
1.69013
1.92938
2.18097
2.12513
2.23563
3.13065
2.44624
2.82641
2.21931
1.64888
1.27188
2.75485
2.9198
1.49555
1.82706
2.72749
1.60746
2.37178
1.60439
1.53486
2.20686
2.82883
2.4079
1.34878
1.84999
2.967
1.70115
1.78825
1.91483
2.71199
1.91483
1.79148
2.09557
1.58247
2.16081
1.65731
1.53954
1.3695
2.71628
1.437
1.98809
1.5646
1.53924
1.55079
1.78762
2.01064
1.89472
1.62674
1.55079
1.5227
1.52799
1.84896
1.5227
1.21494
1.9119
1.62572
2.15284
2.01064
1.59023
1.11089
1.74278
1.93082
1.36635
1.1821
1.58329
2.3588
1.8103
2.10061
1.74794
1.70153
1.82448
2.35134
2.45446
2.41507
1.43809
2.07635
1.29926
3.02054
1.95994
2.37424
1.99442
1.29061
2.41822
2.07601
2.18225
1.39465
2.16069
2.01644
1.53175
1.69489
1.5743
1.39502
1.73948
1.59038
1.2363
2.2521
1.90847
1.53341
1.69004
1.89472
1.37097
2.04907
2.06776
1.00583
1.10096
1.90875
2.18068
1.38042
1.05727
2.18068
1.15769
2.22624
1.47176
2.2551
1.98308
1.43909
1.3613
1.62484
1.21032
2.00694
1.28971
1.02856
1.53886
1.71009
1.21032
1.95467
1.40542
2.06644
1.8162
2.23394
1.49745
1.58381
1.68453
1.7789
1.53924
1.43809
1.53924
1.42395
1.84646
2.10061
2.5035
1.15084
1.16972
1.55936
1.35315
1.88412
1.61287
1.99445
2.42686
1.71966
2.21786
1.6226
2.11233
1.91232
1.51419
1.26703
2.46123
1.26703
1.16037
1.71966
1.70389
2.10728
2.26835
1.55979
1.53827
1.3351
2.05103
1.60366
1.29181
1.3351
1.98634
1.94704
2.56081
1.45344
1.28456
1.53283
1.45152
1.52905
1.25571
1.79726
1.57218
1.4973
1.4109
1.2914
1.25273
1.40783
2.93702
1.25571
1.18891
1.48914
1.34748
1.49279
1.2914
1.3886
1.59536
2.27658
1.87623
1.53283
2.22024
1.45344
2.87959
2.12576
1.53283
1.78677
2.42849
1.50734
1.28456
1.4243
1.54321
1.57218
1.96106
1.36395
1.34491
1.8464
1.49426
1.57218
1.82758
1.74145
1.40783
1.45152
1.26809
1.50734
1.88167
1.51044
1.41974
1.629
1.24691
1.34748
1.67661
1.4194
1.36395
1.39185
1.36395
1.88523
1.36395
1.39185
1.36395
1.95288
1.5655
1.46799
1.67552
1.39185
1.39185
1.34748
1.39185
1.36395
1.35081
1.45344
1.39185
2.28145
1.53283
1.39185
1.12611
1.57218
2.94613
2.37061
1.53283
2.24486
1.28456
1.36395
1.42021
1.32025
1.98858
1.46799
1.48914
1.36395
1.48914
1.36395
1.36395
1.46799
1.84081
1.73677
1.48914
1.3886
1.78528
1.3886
1.14212
1.34491
1.35469
1.28456
1.58196
1.46799
1.20738
1.34491
1.5103
1.85562
1.53283
1.60366
1.4243
1.63335
1.36395
1.46799
1.50751
1.36395
1.7735
1.0582
1.02736
1.95538
1.63549
2.54272
2.05285
1.41356
1.58875
1.6341
3.0525
1.46799
1.4002
2.35563
3.32354
1.46799
1.83699
1.46799
1.69026
1.80738
1.90613
2.96092
1.10699
1.91385
2.09989
1.68299
1.59541
1.59979
1.59541
1.59541
2.39515
1.82488
1.76429
0.954155
1.45965
1.39733
2.6758
2.58199
2.17779
1.30525
2.09501
1.50448
1.39135
1.50448
1.4901
1.94978
1.4901
1.95985
2.11556
1.88254
1.39135
0.87264
1.00583
2.71873
0.871492
1.37512
3.01554
1.51531
1.99261
1.48077
1.714
1.61849
2.39193
1.55079
1.07899
2.3978
2.12232
1.3058
1.09699
1.11818
1.75456
2.00133
1.38741
2.03998
1.83433
1.49484
3.44694
1.71602
1.61421
0.893396
1.07153
1.65359
1.62091
1.55079
2.19028
2.78936
1.89995
1.02736
0.893396
1.73688
1.5227
2.49886
0.893396
0.893396
1.02736
1.80562
1.31806
0.992145
1.38134
1.38134
1.38134
1.1277
1.3165
1.3165
1.3165
1.3165
1.38134
1.47391
1.13608
2.94994
0.793252
1.26146
1.5789
1.04639
1.44837
1.40359
1.2646
1.25617
0.782827
0.967001
1.06939
1.14878
1.44837
0.782827
1.15043
1.24557
1.41279
0.782827
2.1925
1.45965
1.15043
1.15043
0.998507
1.04639
1.04639
1.34432
1.36865
1.55079
1.83257
1.15043
1.25296
1.17357
1.73263
1.87145
1.85943
2.32228
1.90268
1.60492
2.00665
2.12522
1.59587
2.11185
3.17537
1.23598
1.81921
1.69411
1.50994
2.32591
0.991548
1.3659
1.73121
1.55975
1.99661
1.11734
1.55079
0.847322
1.7808
1.68205
1.88485
1.57393
3.07703
2.07168
2.00894
1.4302
1.93961
1.22241
2.03938
1.41623
2.93786
1.46052
1.81969
1.55079
1.55079
1.59324
2.56166
2.90291
2.64277
1.50882
1.1799
0.94099
0.999389
1.1116
1.88767
1.42965
2.79807
1.60925
2.12955
1.20665
1.57894
1.66111
1.2278
0.958635
1.49383
1.51849
1.43111
1.08203
1.98469
1.40109
2.49662
1.50161
1.3574
1.28043
0.637192
1.45024
1.52768
0.695388
1.13326
1.36668
1.68434
2.01503
1.61852
1.9399
1.9399
1.02388
1.74123
1.53341
1.2745
1.02491
2.62568
1.49126
1.28847
1.36452
1.49126
2.1978
1.19797
1.73601
1.40311
1.30665
0.763714
0.936506
0.864784
1.49126
2.07735
1.59541
1.94315
2.07735
1.72213
2.16121
2.00133
1.65047
1.49126
1.95514
1.8141
1.65576
1.1362
2.68646
1.59979
2.4471
1.64808
1.46465
2.19874
1.92938
2.00525
1.17621
0.907813
3.29027
1.17621
1.64476
1.05555
1.81481
2.37178
2.97235
1.38596
1.19578
1.60439
1.91794
1.79418
1.07746
1.51596
1.97275
0.945039
2.15447
2.57737
2.75485
2.0955
1.55079
2.29576
2.9198
1.94383
0.954155
1.55079
1.44011
1.84999
2.4079
2.71199
1.96113
1.8134
2.42584
1.05681
2.15324
1.41119
1.50059
1.42239
2.96137
2.25357
1.82292
1.55079
2.31314
1.55657
1.55657
1.91098
1.95076
1.31997
2.40178
0.87264
2.00886
1.18521
1.55079
1.10454
1.22891
1.28926
2.54729
1.08623
1.12514
1.53496
2.13557
1.86059
1.06268
1.55079
1.7136
1.57622
1.20063
1.59884
1.55079
1.55079
1.55079
1.39382
1.55079
1.5103
1.71521
2.27762
1.97278
1.64177
1.43916
1.55079
1.63151
1.59819
2.58402
2.43401
1.0053
1.49389
1.27709
2.03814
2.02764
0.753625
2.16441
1.95538
1.92514
1.63388
0.973028
1.97508
1.67758
0.779836
1.0811
0.898182
1.55079
1.22453
1.23805
1.84575
1.17638
1.22453
1.24911
3.00866
1.56938
1.02728
1.72411
0.853612
1.27908
1.4812
0.970821
2.75382
1.77194
1.07097
2.28452
1.74426
1.31775
0.853612
1.54702
1.94636
1.72594
1.02249
0.853612
1.39481
0.853612
1.0545
1.55703
1.33422
1.38918
2.03944
0.855405
0.906157
0.989849
2.04977
3.40297
3.07228
2.17296
1.69774
2.15695
3.74094
2.07099
2.78568
1.91536
3.66147
1.94172
2.04486
1.92018
1.51171
1.71791
2.01001
1.47371
2.51803
1.77612
1.28677
2.1706
2.94274
1.75817
2.84298
1.41943
1.59483
1.08341
1.97278
2.68156
2.83575
2.42519
1.02494
1.9782
1.90793
2.28557
2.06932
1.45666
1.75677
1.50059
1.45022
1.48383
1.15618
1.97543
2.23931
1.28677
2.92065
0.853612
1.56294
1.19944
1.27464
1.67276
1.02131
0.939517
2.0485
2.22099
1.55243
1.55034
0.986867
1.24743
2.17521
2.2914
1.64382
1.63544
1.43232
1.58932
1.64687
1.51171
0.808931
2.49536
2.21467
0.891709
1.8209
2.00438
2.55538
1.6664
2.20572
1.28677
1.38112
1.89848
1.38042
2.68507
2.65327
2.04803
1.28169
1.68497
1.65351
1.15334
0.985633
1.50664
1.79044
1.86038
1.28988
1.16473
1.48094
1.24988
1.47677
1.42797
1.99204
3.22743
1.73179
1.38042
1.73981
1.26348
2.09211
0.980933
2.26934
1.36295
2.27642
1.29531
2.99913
1.72436
1.55243
1.65626
2.28208
1.73348
1.82382
1.17134
0.681766
1.17134
0.939517
1.00684
1.17134
1.94525
2.46398
3.01623
0.908091
1.56859
1.54209
2.22041
2.13463
1.30392
1.2393
1.34899
1.67276
1.71013
1.21889
1.34335
0.982012
1.56068
1.55243
1.58585
1.73198
0.917756
1.38042
0.917756
0.917756
0.917756
1.51597
0.917756
1.8366
1.51597
1.73198
0.917756
0.917756
2.43254
0.917756
0.994692
1.42797
0.917756
3.4264
1.38042
1.53821
0.917756
1.69774
0.917756
1.64397
0.917756
1.51597
0.917756
0.917756
0.917756
1.37598
0.917756
0.917756
0.917756
1.68299
1.56748
0.917756
2.65674
0.917756
1.42797
0.917756
1.38042
1.50897
1.64043
0.880197
1.51628
2.11636
3.39849
2.22254
1.66563
1.38331
1.28677
1.21981
1.59383
1.46873
1.65404
2.77662
1.37051
2.07014
0.999913
2.61476
1.55874
1.0114
1.56123
1.18842
1.24828
1.24828
0.858693
1.96519
1.24828
1.94566
1.24828
1.67395
1.51597
1.51597
1.24828
1.72746
1.24828
1.24828
1.73198
1.24828
2.06932
1.24828
1.24828
1.77453
1.24828
1.24828
1.47677
1.63755
1.16872
1.77681
1.21889
1.39609
1.24828
1.24828
1.67276
1.36755
1.24828
1.17134
1.65176
1.24828
1.24828
0.908091
2.26857
1.29531
1.54252
0.893848
1.03835
1.81864
1.37188
1.46414
1.77453
1.63544
1.63544
2.1991
3.57203
1.42797
1.68299
1.68299
1.77953
2.54699
1.41517
1.46414
3.52167
1.24971
1.64468
1.41943
1.03175
1.95173
1.15356
1.50338
2.17505
2.33667
2.02804
2.15998
1.46854
0.901164
0.853612
1.44454
1.26348
2.06932
1.20058
1.16441
0.901164
1.02319
1.41974
1.14135
1.73198
1.7902
1.66038
0.901164
1.24915
1.26154
1.70794
1.33871
1.45999
1.06385
1.24915
1.24915
1.50421
1.57181
1.61359
1.24915
1.44364
1.61359
1.63573
0.744692
1.41943
1.26719
1.29531
1.5957
1.48094
1.41943
1.70445
1.24758
1.41943
1.31398
1.41943
1.60772
1.51597
1.41943
1.41943
1.16473
1.16473
1.41943
1.51597
1.16473
1.51597
0.738978
1.41943
0.87968
0.87968
2.26567
1.92175
0.87968
1.55637
1.55871
1.31018
0.853612
0.746688
0.952361
0.87968
1.27086
1.81977
0.87968
1.35603
1.15108
1.33982
0.746688
0.746688
1.72323
1.68299
1.16441
0.853612
1.42797
2.31016
1.16015
1.37656
2.34935
0.908997
1.88166
1.52511
1.33982
1.14926
1.60407
1.49516
1.16441
1.51083
1.27821
0.901164
2.39555
1.21353
1.17134
1.39465
1.213
1.67276
1.68299
2.3059
1.42797
1.28677
1.03685
1.37219
0.989501
1.34665
1.51628
1.21592
2.12892
1.86536
2.04076
1.29531
1.27646
1.26041
1.46217
1.65085
0.908091
1.3083
1.51118
1.77527
1.35585
1.10863
1.17771
2.17489
2.12892
0.957538
1.27464
2.08537
1.27821
1.46842
1.0793
1.11717
1.16015
1.28458
2.13949
1.6262
1.69137
2.05411
2.15464
2.13251
1.87598
1.55243
2.05411
1.55871
2.05411
1.42273
2.16049
1.0793
1.00176
0.901164
2.13931
1.85397
2.1145
1.58893
2.12768
1.33961
1.42797
1.42797
2.20223
1.51118
1.74061
1.28964
1.8044
2.10622
1.6499
2.10622
1.42797
1.30392
0.908997
0.960195
1.64687
1.28404
1.67276
1.52412
2.10004
2.87699
1.61022
1.04931
1.37971
3.20509
1.52511
1.11717
1.88322
1.52412
1.16441
1.51698
0.952361
1.64687
0.853612
1.73198
1.73198
0.715182
0.901164
1.55243
2.3215
1.30841
1.30392
1.00682
1.00682
1.61855
1.29189
1.29531
1.59728
1.03175
0.982914
2.25437
1.25697
1.03047
1.77953
0.63818
1.73198
2.05458
1.73198
1.38112
1.73198
1.68658
1.22023
1.30392
2.10088
1.00144
1.52314
1.57941
2.75764
2.47429
1.39592
1.88934
2.05975
1.59491
2.96024
1.90793
1.64468
1.90793
1.90793
1.06587
1.65923
0.916334
1.53821
1.25471
1.46873
1.33574
1.11717
1.50245
0.916334
1.29531
1.03175
1.42797
1.44839
1.47797
1.38278
1.60339
1.59769
2.05845
1.28677
1.95793
1.45902
2.19713
2.46981
1.06772
2.49078
1.38169
1.82953
1.47797
1.20517
1.50679
2.27662
1.05827
1.05827
2.2998
3.3715
0.785748
1.38278
1.55033
2.22014
1.64687
1.00682
0.635958
2.02462
1.65419
1.26348
1.41943
1.47094
1.00682
1.46217
1.64687
0.952361
2.22806
3.17684
3.42719
2.00257
1.23661
1.07348
1.50249
2.52938
2.26613
1.13256
2.39639
1.16441
3.3275
1.73198
1.19096
2.6342
2.38155
3.09037
2.25195
1.06693
1.26501
1.51597
1.38331
2.04966
1.46842
1.42616
0.916334
1.38729
1.51597
1.55033
1.52768
1.51597
1.51597
1.27464
1.64302
1.29531
1.64302
1.64302
1.64302
1.51597
1.64302
1.16473
1.03175
1.64302
1.64302
1.64302
1.51597
1.51597
1.64302
1.64302
1.51597
1.64302
1.64302
1.64302
1.64302
1.16441
1.51597
1.51597
1.51597
1.64302
1.51597
1.64302
1.64302
1.51597
1.64302
1.64302
1.51597
1.68468
1.64302
0.906245
1.73651
2.2519
0.858693
0.759944
1.2578
1.73198
1.00422
1.41943
1.37188
1.33049
0.983867
1.51597
1.51597
0.983867
1.51597
1.2211
1.2244
1.79541
2.25004
2.25686
2.00208
2.06932
2.48593
1.77953
1.31113
1.73198
1.73198
1.15334
1.77953
1.32097
2.22014
2.3705
2.4433
1.25209
1.38331
1.87419
1.36777
1.38729
1.24828
1.51597
1.51597
1.51597
1.51597
1.51597
1.51597
1.91854
1.7933
1.51597
1.80161
1.74313
1.51597
1.87099
1.80312
1.51597
1.30392
1.70175
1.71124
0.981962
1.38331
0.955328
0.916334
2.8344
1.04931
1.38042
1.06587
1.21592
1.29531
1.54728
1.39583
0.858693
0.553913
2.13148
1.63544
1.38042
1.03175
1.29531
2.07028
2.07028
2.07028
2.07028
1.86139
2.08922
1.59491
2.07028
1.59483
1.88455
1.32097
1.08595
1.08595
1.29226
2.59163
1.41974
1.15905
1.85559
0.916334
1.16441
2.3499
0.853612
1.90152
1.85035
2.83356
1.10051
2.65158
2.95922
1.43034
1.0793
1.46217
1.12777
1.12777
1.80774
2.65813
1.46974
1.25272
1.16441
0.742054
0.853612
1.28677
0.962933
0.853612
0.694503
0.506361
0.983867
0.901164
1.96191
1.20738
0.983867
0.853612
0.742054
0.901164
0.901164
0.838718
1.20738
0.853612
1.7827
1.28677
1.2974
1.80745
0.853612
2.39555
1.63626
1.15618
1.8634
1.63626
0.901164
1.15618
1.12777
1.60958
1.33982
1.15618
0.489695
1.15618
1.17685
2.01097
0.853612
1.954
1.10863
1.32576
1.32576
1.32576
1.32576
1.32576
1.32576
1.32576
1.36668
1.32576
1.32576
1.32576
1.32576
1.32576
1.32576
1.32576
1.32576
1.26264
1.32576
1.32576
1.32576
1.32576
1.32576
1.32576
0.952361
1.32576
0.901164
0.901164
1.32576
1.32576
1.32576
1.32576
1.32576
1.32576
1.26264
1.32576
1.32576
1.15618
1.65021
1.32576
1.23703
1.64437
1.32576
1.64043
1.32576
1.32576
1.11717
1.32576
1.32576
1.32576
1.32576
1.32576
1.32576
1.32576
1.32576
1.32576
1.32576
1.32576
1.32576
1.35147
1.32576
1.32576
1.32576
1.32097
1.32576
1.32576
0.952361
1.32576
1.32576
2.48518
1.32576
1.32576
1.32576
1.32576
1.32576
1.32576
1.32576
1.32576
1.32576
1.32576
1.32576
1.32576
1.32576
1.32576
1.27821
1.32576
1.32576
1.32576
1.32576
1.32576
1.32576
1.32576
1.32576
1.32576
1.39583
1.32576
1.32576
1.32576
1.32576
1.32576
1.32576
0.853612
1.32576
2.22014
1.64687
1.32576
1.32576
1.32576
1.32576
1.38331
1.20164
1.67684
1.32576
2.7276
1.32576
1.32576
1.32576
1.32576
1.32576
1.91946
1.32576
1.32576
1.32576
1.32576
1.32576
1.32576
1.32576
1.32576
1.32576
1.32576
1.32576
1.32576
1.32576
1.32576
1.32576
3.3102
1.32576
1.32576
1.32576
1.32576
1.32576
1.32576
1.32576
1.06587
1.32576
1.32576
1.32576
1.32576
1.32576
1.33542
1.32576
1.05439
1.32576
1.32576
1.32576
1.32576
1.32576
1.32576
1.32576
1.32576
1.32576
1.32576
1.32576
1.32576
1.32576
0.853612
1.16473
1.5204
1.77305
1.2974
1.8206
0.882134
1.685
0.734708
0.908091
1.50427
1.31527
1.76988
2.50317
1.55106
1.2974
1.54814
1.19519
1.31256
1.31256
1.51849
1.65728
1.36777
1.44839
1.65965
2.00974
1.90162
1.00144
1.12022
1.90162
1.55033
1.48383
1.33989
1.41943
1.80303
2.02501
1.46842
1.23231
1.24743
1.36516
1.64643
1.30392
1.00684
1.42813
0.635958
1.64643
3.23266
1.73198
3.02673
2.44675
3.29623
2.72805
1.3152
2.38436
1.64061
1.28819
3.14992
1.26477
1.99605
2.23321
3.9264
2.76322
2.35942
2.15578
2.48488
3.74642
2.18596
1.68398
1.52495
2.2271
2.95072
1.2974
2.09411
2.43306
1.04387
1.52998
1.96385
1.62152
1.77936
1.65838
2.37056
2.50322
2.7287
0.978745
1.99605
2.45977
1.96385
2.2271
1.0114
1.92016
0.868673
1.62652
1.11585
1.61809
2.54182
2.13668
1.58801
3.1515
1.52998
0.917728
1.33768
1.72015
1.28819
1.51313
1.19519
1.6123
1.79322
3.11959
2.00798
1.75071
1.59934
1.85362
1.15954
2.22173
1.78937
2.22755
1.87753
1.96385
1.18514
1.15954
1.2943
2.30035
1.1868
1.67914
1.44454
2.14039
1.53361
1.60883
1.6123
2.21262
2.28213
1.70042
1.4097
2.033
3.77265
1.4531
1.50575
1.9128
1.61105
2.26535
1.29531
2.14845
1.57295
2.70938
3.1029
2.01049
1.86746
2.27158
1.27496
1.48069
2.05994
0.901164
1.2974
2.76095
0.989478
1.92256
1.49295
1.28004
2.06114
2.54809
1.6123
1.52677
2.44485
1.66676
1.11306
3.06518
1.98477
2.69458
2.23751
2.49938
2.39579
1.15923
1.25829
1.8519
1.54432
0.842122
1.06518
1.02902
1.9048
1.9048
0.793182
1.40336
1.14936
1.78709
1.49522
1.89588
1.76211
1.76211
1.1868
1.62806
1.04805
2.14505
1.66661
2.02866
1.17013
1.0114
0.793182
2.46004
1.2898
2.13056
1.07139
1.53437
1.30798
2.343
0.955001
1.52414
2.44924
1.24952
1.6123
1.81799
1.52414
1.20458
1.83651
2.65659
2.1449
1.3541
1.6123
1.20001
1.37915
1.89687
1.50206
2.31481
1.27112
1.24557
1.86731
1.18129
1.86731
1.27005
1.33768
1.94695
1.79322
2.14447
1.27496
1.58801
1.29531
1.27496
1.66565
1.50206
2.01666
2.91961
1.79322
1.67624
1.15954
1.27496
1.59529
1.79322
2.03857
1.89588
1.14311
1.82633
1.40521
1.51773
0.990821
1.40336
1.32521
1.27496
2.08059
1.54601
0.990821
1.53821
1.26348
2.02022
1.24582
2.78707
1.16848
2.33754
1.41395
2.13809
1.3152
0.610814
2.50126
0.96077
1.60588
1.42279
1.90359
1.40336
1.651
1.40336
1.49688
1.26348
1.43409
1.2898
1.67987
1.66023
1.65838
1.15954
1.87753
1.66324
1.66023
1.52998
1.58642
1.52998
1.37371
1.52998
1.0114
1.66023
1.40304
2.92033
2.51572
1.82537
1.6123
1.5335
1.53821
2.08723
1.15954
2.16684
1.27496
1.77916
1.50059
1.32445
1.27496
0.901164
1.62137
1.54432
1.66661
1.27496
1.99478
1.86731
1.59982
1.85186
1.58282
1.25829
1.96385
1.17771
1.43096
1.67547
1.66661
1.58282
1.43631
1.15954
1.27496
1.02438
1.15954
1.15954
1.44182
1.15484
1.02438
1.69215
1.86731
2.42383
1.55637
1.50206
2.04858
1.26641
1.70811
1.52998
1.52998
2.35934
1.99757
1.66661
1.39667
1.6123
1.40336
1.53285
1.63545
1.66661
1.42279
2.49869
2.46723
1.41395
2.4573
1.92162
1.1799
1.1868
1.20153
1.72805
1.27151
1.06587
1.64307
1.06587
1.27496
1.27005
1.07657
1.19142
1.21592
1.58801
1.40336
2.66542
1.27496
2.02022
1.39481
1.71791
1.75122
1.58801
1.049
1.27496
1.52414
1.1868
1.92016
1.26641
1.27005
1.15954
1.53821
1.43631
1.66023
2.19937
1.52998
1.53821
2.45218
1.13201
1.53821
1.27496
1.51628
1.3285
2.24306
1.52998
1.54269
2.23278
1.66676
2.25597
1.53821
1.57389
1.53821
1.1398
1.0114
1.19978
1.75677
2.04545
1.65838
2.11245
1.58264
1.25829
1.73584
1.70811
0.98045
1.4182
1.40336
2.49646
1.88976
1.73584
1.62652
1.49077
1.73584
1.02438
1.73584
1.65838
1.15954
1.2898
2.08046
1.27496
1.15954
1.86782
1.27496
1.59133
2.10492
1.54432
1.27496
1.40521
1.04931
1.52998
1.71735
1.4531
1.33768
1.45005
1.55653
1.2177
1.27496
1.65838
1.66661
1.40467
1.33768
2.56126
1.42279
2.04452
1.98496
1.53821
1.40336
1.26429
1.67272
1.59684
1.2956
1.74785
1.37371
0.994926
1.8787
1.40336
1.86731
2.18037
1.65838
1.84382
1.81045
2.04545
1.66676
1.53821
1.50882
1.80322
1.63434
1.867
2.80234
2.40014
1.86731
1.50882
0.89598
1.28076
1.54432
2.07803
1.53821
1.601
2.07429
2.07803
1.65838
1.69215
1.11585
0.89598
0.89598
1.68359
1.07139
1.52397
1.07139
0.89598
1.07139
0.994729
2.06876
1.07139
2.06841
0.89598
1.24698
0.89598
1.07139
1.27005
2.10169
2.30238
2.25868
1.36982
1.65838
0.879596
1.27872
1.3144
0.952781
2.20704
1.25829
1.7953
0.916334
1.89129
2.51572
0.738196
1.57022
1.89129
2.18035
1.4531
1.09
1.44893
1.16607
1.16682
1.16163
1.42784
1.15865
0.780557
2.18035
1.41243
1.13201
1.42279
2.20704
1.56776
0.917756
1.38042
1.98648
1.35201
1.37576
1.35201
1.54472
1.07866
2.19148
1.80108
1.53988
1.4097
1.27496
1.49619
1.27005
1.77439
1.29415
1.91074
1.37371
2.06483
2.27569
2.06483
2.42487
2.06483
1.17532
1.07139
2.30238
1.4805
2.0573
2.7418
2.78091
1.96385
1.80757
1.14307
1.27496
1.23126
1.70029
1.44987
1.27496
1.27496
1.27496
2.37614
1.98496
1.98496
2.02866
1.98496
1.19681
1.28004
1.27496
2.02866
2.17296
1.98496
1.46037
1.24691
2.24821
1.67248
0.968587
1.98496
1.93757
1.3152
1.98496
2.02866
2.395
2.20635
2.11522
2.15891
1.52687
1.52687
1.45876
1.27496
1.187
1.31645
1.52687
1.2898
1.02438
1.11585
1.53821
1.15954
1.96495
1.11585
1.11585
1.59347
1.11585
1.55394
1.11585
1.3791
1.52589
1.69765
1.11585
1.2461
1.27496
1.15954
1.1868
1.1868
1.42279
0.785748
0.785748
0.89598
1.0961
0.785748
1.1868
1.0114
0.785748
1.59684
1.1868
1.09141
1.0961
0.853612
1.1868
1.48529
0.916003
1.1868
1.1868
1.1868
0.916003
1.17532
0.738196
1.1868
0.855904
2.61877
1.15954
1.73596
1.0114
0.97132
1.0114
1.27496
1.97608
1.30768
1.3285
1.11947
1.37371
1.33768
1.52998
1.57845
1.27496
1.15742
1.23488
1.53821
1.07139
1.86731
1.59133
2.57597
1.81005
2.27912
1.49188
1.75713
1.45999
1.27005
1.1398
1.14165
1.42279
1.15954
1.53821
1.0114
1.24482
1.73584
1.73584
1.73584
1.73584
1.15954
0.853612
1.27496
1.73584
1.23888
1.73584
1.25371
1.73584
1.4043
1.42279
1.42279
1.42279
1.00684
1.4531
1.42279
1.42279
1.2898
1.11227
1.41356
1.76384
1.70811
1.40521
1.25829
1.15954
2.13668
1.6309
1.15954
1.80093
1.46731
1.89968
1.0114
1.28042
1.48738
1.00176
1.40336
1.6505
1.25829
1.86312
1.60285
1.15954
2.02125
1.31481
1.6123
1.91324
1.31929
1.49262
1.31929
1.57135
1.4289
1.15954
1.25829
1.28042
1.15954
1.15954
1.25829
1.04931
1.25829
1.15954
1.1376
1.07412
1.55007
1.15954
1.14806
1.18953
2.12732
1.05443
1.58254
2.38437
1.14311
1.27496
1.2146
0.879995
1.25829
1.41804
1.28509
1.15954
1.15954
1.00176
1.40336
1.31929
1.36856
1.46731
1.33768
1.65838
1.06587
1.15954
1.8757
1.34286
2.21375
1.3152
1.15954
1.07139
1.23254
1.23126
1.42279
1.27496
1.23126
1.52765
1.23126
1.23126
0.89598
1.23126
1.40521
1.6413
2.07975
1.23126
1.49451
1.27496
1.27496
1.27496
1.26501
1.36152
2.46387
1.15954
1.48208
1.16473
1.73936
1.37371
1.97183
1.25829
1.685
1.15954
1.73748
1.63079
1.45613
1.5412
1.09513
0.87951
1.14307
0.87951
1.14307
1.14307
1.14307
1.66661
1.14307
2.17876
1.1868
1.41453
1.54269
1.47232
1.1868
1.80122
1.96606
1.32121
1.1868
2.44233
2.07229
1.1868
1.15954
1.25829
1.75616
1.57208
1.25829
1.04931
1.00176
1.15484
1.20458
1.66661
1.89968
1.33297
1.63792
1.89968
1.49882
1.5378
1.15954
1.15954
1.41534
1.15954
1.4289
1.1398
1.1398
0.791838
1.37371
1.55119
0.791838
1.02624
1.20891
1.16473
1.21287
1.05894
0.913601
1.2898
1.07139
1.52998
1.00176
1.01412
1.15954
1.07139
1.15954
0.958065
1.04931
1.07139
0.89598
1.15954
1.15954
1.76384
1.00176
1.06587
1.86731
1.40336
1.1398
1.3152
1.14165
1.89588
1.27496
1.1398
1.0114
1.1398
1.06645
1.06494
1.15954
1.57022
0.610814
1.27496
1.65838
1.15954
1.15954
1.58801
1.15954
1.37893
1.15954
1.02624
1.15954
1.15954
1.02769
1.15954
1.4531
1.27496
2.00776
1.40336
1.8134
1.07139
1.15954
1.62796
0.89598
1.72177
1.53821
1.21592
1.76287
1.21592
1.27496
1.38042
1.72129
1.1398
1.33524
1.27496
1.40336
1.1398
1.3152
1.76384
1.15954
1.74255
1.07139
2.05062
1.16473
1.07139
0.89598
1.02902
1.4531
1.45616
2.00789
1.28076
1.53821
1.92873
1.15954
1.86731
1.52589
1.39277
3.03001
1.18514
1.52589
1.40022
0.951036
1.44392
1.0114
1.95907
1.15954
1.1868
2.0899
1.27496
2.70481
1.07412
0.940174
0.569083
1.23508
2.13056
1.48398
1.61357
1.36856
1.32819
1.685
1.71328
1.61357
1.79043
1.17145
1.66676
1.36856
0.853612
1.61357
1.61357
1.37371
1.07139
1.15923
1.24952
0.994729
1.45827
1.37371
1.37371
1.63711
1.37371
1.42279
1.36856
1.15954
1.70811
1.75492
1.11585
1.65838
1.40336
1.85847
1.59713
1.5339
1.27496
1.64539
2.2628
2.11245
1.27464
1.25829
1.66676
1.31793
1.39813
1.65838
1.93597
1.48628
3.58278
3.98737
2.80654
2.71223
2.79657
2.63676
1.96385
2.32783
2.68284
2.06932
2.46181
1.77283
2.49233
1.37188
2.14693
2.98832
1.96384
2.38498
1.66661
2.0626
3.07637
2.89858
2.40722
1.47094
1.54814
1.79443
1.40336
2.32783
1.42279
1.54251
1.83651
2.47227
1.96385
1.8514
1.65838
1.57295
2.27018
2.2176
1.92237
2.40708
1.13201
2.9068
2.43669
2.14199
2.22909
2.55203
1.57022
1.95334
2.14199
0.982012
2.06932
2.14199
2.14199
2.90866
1.55957
1.83651
1.7772
1.83979
2.14199
2.17005
2.14199
2.71292
2.09411
2.14199
2.14199
1.41243
1.15954
0.853612
2.14199
1.5901
2.22909
1.17685
2.14199
1.79322
2.14199
2.14199
2.43214
2.14199
3.28448
1.5901
1.97242
2.41168
2.14199
1.92486
2.14199
2.56946
1.36295
2.55203
2.14199
2.14199
1.18273
1.25272
2.13223
3.86149
1.15954
2.44675
1.37371
1.07139
1.75713
1.57022
1.75492
1.52507
1.34432
2.24655
1.87554
1.4531
1.4617
2.11771
1.83651
1.83651
1.85366
1.83651
1.2715
1.83651
1.27496
1.83651
1.83651
1.93305
1.53941
1.83651
1.83651
1.83651
1.83651
1.78863
1.75713
1.75713
1.27464
1.83651
1.83651
1.75492
1.83651
1.39481
1.19445
1.20738
2.26822
1.75713
1.01648
1.39481
1.66417
2.90117
1.34075
1.4085
2.01209
1.40336
1.33463
2.89178
1.98421
1.81139
1.07412
1.51628
2.45809
2.26822
1.82813
2.32743
1.63544
2.52018
1.78863
1.76023
3.75357
1.55033
2.04124
1.98221
2.19848
1.93577
0.89598
2.51099
1.48601
1.25829
1.15954
2.40708
2.89311
1.51483
1.24244
1.36553
1.52998
1.27496
1.86731
2.0684
2.0684
1.52998
2.45218
2.66222
1.96965
1.45005
2.39108
1.13016
1.66897
1.57207
1.25829
2.22909
4.36195
1.51419
1.55251
1.80607
1.53361
0.726867
1.81139
1.96385
1.68752
1.28076
1.67091
1.38717
1.79322
1.50211
2.06418
1.98946
1.24096
1.07139
1.65085
2.166
1.59483
1.17013
1.76023
1.98221
1.15954
1.25829
1.52998
1.37219
1.76023
1.57295
1.98221
1.83651
1.42279
1.57295
1.73596
3.63592
1.66661
1.4531
4.45458
1.35943
3.06005
1.65838
2.00014
1.83812
1.049
1.33768
1.33768
1.75713
1.90869
1.25829
1.57022
1.33768
2.04264
1.77916
1.49542
1.25829
1.83094
2.49441
1.33768
1.48596
1.99704
1.66023
1.53361
1.79566
1.52998
0.914148
1.62652
2.24968
1.64687
1.33578
1.93305
1.72628
1.2898
1.53821
3.13283
1.15585
1.6919
1.53836
1.38669
2.98932
1.90009
1.52966
2.83409
1.06556
1.83979
1.93305
1.81516
2.21766
0.738196
1.66661
0.738196
1.66661
1.95404
1.25829
1.25471
0.742054
1.50059
2.0243
2.13056
1.25829
1.17013
1.01235
1.86572
1.66661
1.50211
1.63085
0.738196
1.17013
0.738196
1.24952
1.30778
1.94001
2.46073
1.33768
1.65074
1.63544
1.10228
1.38717
1.47228
1.38717
1.25829
1.65074
1.7025
1.72628
1.7025
2.52828
2.13056
2.2269
1.83651
2.13056
2.02033
3.11749
1.75713
2.47264
2.42181
1.02624
1.42279
1.5815
1.51705
1.73275
1.50211
1.50028
1.7772
1.14322
1.37335
1.07412
1.0114
1.45005
1.1398
1.0114
1.1868
1.3152
1.0114
1.1868
1.0114
1.02902
1.23855
1.93
1.0114
1.02956
2.14199
1.0427
0.792545
0.982012
1.23855
1.0114
0.901164
1.50211
1.28555
1.48785
1.06587
1.86731
1.40336
1.27496
1.58801
1.92162
0.901062
0.89598
1.40336
0.901062
0.89598
1.24401
0.901062
1.1799
1.87791
1.42279
1.15177
2.41168
0.918683
1.96606
1.42279
0.901062
1.07647
1.07412
1.51628
1.66676
1.51628
0.89598
3.11058
2.4258
2.06258
2.6369
2.63913
1.21592
1.42279
1.62652
0.89598
2.56382
1.47228
1.53821
1.65838
1.87579
1.10228
2.68604
1.27005
2.11708
2.13056
1.79043
2.04545
3.50783
2.76543
3.81843
1.15742
1.22745
1.2614
1.48338
1.7161
2.45505
1.40336
1.66661
1.3152
1.42279
1.56958
1.66661
1.3152
1.16473
1.07139
1.6361
1.79043
0.98045
1.27005
1.96606
1.07412
3.63568
2.85054
1.96606
2.72766
2.04545
2.367
2.45939
1.7161
2.72766
1.66023
1.63812
2.04545
1.7161
1.58311
1.30602
1.6724
1.76384
1.45285
1.45285
1.33768
1.7161
1.33768
1.07412
2.68695
1.45285
1.7161
1.6724
1.7161
1.13201
1.68009
2.19098
1.7161
1.7161
2.3184
1.58311
1.97966
1.24096
1.2898
1.42279
1.65806
1.27496
1.62873
1.19188
2.08089
1.37371
1.18953
1.57211
1.66023
1.42279
2.09579
0.89598
1.31706
1.11717
1.74953
1.37371
1.15954
1.4531
1.3791
1.54814
1.47785
1.47785
1.27496
2.51099
1.48138
1.56958
1.42279
1.27496
1.11015
1.25829
2.51099
1.25829
1.85366
1.5815
1.5815
1.61436
1.55699
1.5815
1.81005
1.61436
1.5815
1.40477
1.55699
2.22909
1.37371
1.27496
1.4531
2.66337
1.0114
1.40521
1.17013
1.40521
3.0565
1.04931
1.40521
1.25829
1.52926
1.31256
1.50396
2.13255
2.4899
1.25829
1.6724
1.79425
1.27112
1.13201
1.59248
1.90554
1.00176
1.32147
1.26501
1.73158
1.6724
1.17013
1.78863
1.17013
1.44964
1.79322
1.07412
1.15954
1.49391
1.90554
1.77255
1.49813
1.42799
1.13201
1.59248
1.15954
1.83651
2.13326
1.13201
1.65806
1.27496
1.07657
1.14438
1.44096
1.65838
1.37371
1.17013
1.14438
2.76137
0.793252
1.17013
1.23422
1.86731
1.60837
1.2898
1.15954
1.15954
1.79322
1.26501
1.63544
0.949798
0.949622
1.55033
1.42915
2.13862
2.13862
2.13594
1.80303
1.56636
1.00176
1.03778
1.11734
1.89247
1.15954
2.04229
1.37219
1.20103
1.42279
1.58969
1.37371
1.35298
1.22272
1.28555
1.4289
1.39341
1.63544
1.84696
2.01816
1.52414
1.6095
1.64307
1.00176
1.79043
1.79043
1.10197
1.99757
1.52966
1.33159
1.25829
1.15954
1.70507
1.03042
1.08361
1.07412
1.03042
1.60194
0.901164
1.03042
1.07412
1.03042
1.03042
1.4289
1.65838
2.05209
1.5901
1.80997
1.54814
1.15954
1.53821
1.15742
1.33357
1.42797
2.22001
1.07412
1.33768
1.41974
2.32743
1.64769
0.968973
1.15954
1.16534
1.29094
1.93068
1.65806
1.53836
1.56258
1.62652
1.20583
1.24952
1.77283
2.25055
2.2271
1.02438
2.24611
1.24952
2.16672
1.05288
1.42859
0.994729
1.62873
1.29374
1.28763
1.424
2.01424
0.994729
1.20804
2.19783
1.03384
1.53361
2.04124
1.36553
0.738196
2.0626
2.10224
0.89598
2.0626
1.25829
1.80176
2.10473
1.01235
2.02858
0.937467
1.24952
1.67855
1.24952
1.1636
1.51788
1.33929
2.10628
1.32912
3.29177
1.09174
2.14447
1.61907
1.6262
1.94001
1.11717
1.24952
1.33463
1.27496
1.27496
1.07139
1.80161
1.33768
1.33768
1.80161
1.13929
1.13929
1.92162
1.44182
1.24952
2.42283
1.28675
1.17013
1.4726
2.38093
1.09174
1.68589
1.52998
1.5901
1.96354
1.12226
1.0114
1.11015
2.90489
1.95237
1.96385
1.11015
1.65085
1.8449
1.60157
1.11015
1.11287
1.73359
1.82247
1.75713
1.73275
1.82247
2.2269
1.51705
1.52998
1.65838
1.27651
2.78558
1.76546
1.97143
1.63249
1.17013
1.15923
1.01235
1.4289
1.0114
2.09676
1.70333
1.85366
1.47778
1.16473
1.54168
1.65191
1.27496
1.00176
1.15954
1.17957
1.27496
1.50245
0.853612
1.76384
1.55119
1.01235
1.42279
1.11585
2.2271
1.11287
2.03176
1.40521
0.836946
1.97411
1.17013
1.68863
0.961153
1.69215
1.27496
1.60399
1.60399
1.60399
1.60399
1.11762
0.836946
1.25829
1.25829
1.92162
1.33768
1.78885
1.25829
1.56958
1.64689
1.33768
1.15954
1.22745
1.25829
1.87138
1.3113
1.56958
1.50882
1.33768
0.884497
1.33768
1.33768
1.33768
1.4531
1.33768
1.15954
1.33768
2.88372
1.33768
1.33768
1.60285
1.33768
1.25829
1.33768
1.33768
1.33768
1.33768
1.33768
1.33768
1.25829
1.25829
1.25829
2.51702
1.25829
1.25829
1.17013
1.25829
1.17013
1.07412
1.24952
1.17013
1.07139
1.07139
1.24952
1.24952
1.15954
1.72935
1.15954
1.93872
1.62652
1.96385
1.88134
1.33768
1.93872
1.88134
1.24952
1.65838
1.24952
1.86313
1.33768
1.33768
1.2898
1.33768
1.33768
1.33768
1.42279
1.4726
1.57135
1.33768
1.33768
1.70029
1.33768
1.33768
2.24634
1.33768
1.33768
1.74772
1.33768
1.33768
1.60285
1.42279
1.33768
1.33768
1.33768
1.33768
1.15954
1.25829
1.74772
1.02902
1.33768
1.33768
1.33768
1.33768
1.25829
1.84279
2.29901
1.84279
2.29901
2.31915
2.51099
1.2244
1.68299
1.63544
1.07412
1.63544
1.14438
2.75873
2.62641
1.81666
1.45005
1.20164
2.14994
2.13056
1.40336
2.22342
2.54872
1.95729
1.1868
1.67197
1.42279
1.63544
1.63544
1.63544
1.89493
2.91414
1.82478
1.63544
1.72246
1.89493
1.33768
1.04931
0.952361
2.42283
1.71122
2.09411
1.16462
1.1799
1.24401
1.16462
1.3152
1.1799
1.20164
1.25829
1.0114
1.14165
1.45005
1.27464
1.31706
1.73129
1.0114
1.27496
1.93522
1.93305
1.22624
1.55203
1.33768
1.82282
1.30563
1.70674
2.20668
1.40521
1.42797
1.27496
1.99757
2.49587
1.75713
2.36288
1.07139
1.86038
1.19188
1.44455
0.994729
1.33768
1.10051
1.44455
1.1868
2.02649
1.20252
1.21592
1.27496
1.04931
1.20252
0.994729
1.20252
1.52998
1.20252
1.75677
1.46873
1.27496
1.15954
4.01757
3.5657
3.29158
2.90967
3.24957
2.38551
3.68784
3.32896
3.33226
2.29437
2.66112
2.27611
2.41023
2.11161
1.00176
1.6317
1.25827
1.28367
1.649
1.96354
1.91198
1.85101
2.09639
2.55192
1.867
1.60029
2.07876
1.70922
1.65806
1.43668
1.867
1.33656
2.31823
2.5378
1.51494
0.824758
1.54692
2.62521
2.41822
1.94318
1.93083
1.70953
1.54692
1.867
2.24771
2.12085
2.5378
2.73226
1.63085
1.34378
1.97973
2.50405
2.73942
1.867
1.42371
2.13223
2.09074
2.27611
1.2954
2.27314
1.86038
3.11454
1.73198
4.01018
2.51498
1.65351
1.40264
2.32537
3.07249
2.07764
1.45451
1.60234
2.51461
1.77076
1.33875
1.41393
1.9007
1.42371
2.51095
1.58896
1.83979
2.47481
1.56188
1.54692
2.04829
1.44597
2.47143
1.70437
1.87991
1.70953
3.86832
0.446001
1.32577
1.10051
2.14312
1.80828
1.97278
1.41393
1.85719
2.06356
2.22825
1.88767
1.98335
2.41906
1.76384
1.62137
1.39166
1.867
1.07341
2.01286
2.74067
1.41393
1.867
1.70922
1.85719
2.01135
1.18215
1.30195
0.916334
1.57302
1.5001
1.15443
2.91629
1.95207
1.85719
2.9578
1.26154
1.58682
1.63085
1.36768
1.12381
2.23397
1.00176
2.17875
2.95326
2.50399
1.60837
2.5024
1.42496
1.10051
2.0546
1.86354
1.24967
1.08341
1.4672
1.2989
2.08071
2.50399
1.46611
1.36206
1.37727
1.03565
1.98533
1.52274
1.48204
1.81445
1.77151
2.93972
0.75817
0.678782
2.64919
1.89383
1.65608
0.883348
1.60785
0.580032
0.710288
1.54177
1.21592
2.1597
0.710288
1.74928
1.71045
0.722475
1.79003
1.22891
0.580032
1.76531
0.580032
0.580032
1.70922
1.87026
0.580032
1.12381
1.3461
0.678782
1.21146
1.26154
1.03606
1.68853
2.10894
2.04982
1.38672
1.38672
2.01462
1.72085
0.958065
1.67873
1.80566
2.67495
1.22891
1.82831
1.45152
1.18215
1.46162
1.20061
1.12381
1.93256
1.46296
1.58801
1.32476
1.19693
1.46296
1.59934
1.43059
1.63837
1.54119
0.975127
1.73988
1.42371
1.12148
1.19797
0.832646
1.35277
1.22023
1.50059
1.12148
1.42678
1.8962
1.30195
1.34432
1.26501
1.50028
1.38706
1.88767
1.55906
1.31055
1.22891
0.784763
1.55033
2.32643
1.12381
1.97589
1.89384
1.71571
1.12232
2.35472
1.4761
2.43006
1.31504
1.24557
1.34432
1.58692
1.55033
1.38473
1.03565
2.22586
0.782908
1.07388
1.21141
1.55762
1.36006
1.43347
1.36099
0.986318
1.24557
1.37583
1.00176
2.10606
2.66729
0.916334
1.05719
2.10027
1.39415
1.80607
3.21162
1.57412
1.88767
2.63843
2.24938
2.67144
2.92739
1.36635
1.37492
1.42371
1.50059
1.21146
1.05681
2.73061
2.58873
1.50059
2.48426
1.50186
1.27112
0.910461
1.63265
1.21146
2.08088
1.47094
3.03302
1.34131
1.39341
2.56564
1.88028
2.54016
1.22256
0.87264
1.71709
2.2602
1.00176
1.42371
1.01235
2.06932
2.24382
1.42371
1.75414
2.89671
1.55865
1.42371
1.71045
1.98098
2.52074
1.42371
1.50908
1.64237
1.50908
1.44926
0.869907
1.50908
1.7544
1.40765
1.24557
2.00551
1.50908
1.64208
1.55697
1.85397
1.64208
1.37883
1.64208
2.04982
1.25209
1.97278
1.10051
1.89113
1.02719
1.76153
1.37219
1.6738
1.12381
0.966557
0.947807
2.09723
1.37219
1.5093
1.55033
2.29447
1.50245
0.849057
1.09955
0.660306
1.18752
0.446001
0.347252
1.18596
1.06502
0.447773
0.759056
0.347252
0.978745
0.446001
0.946687
0.347252
0.660306
1.13839
0.347252
0.446001
0.477507
0.817093
0.347252
0.660306
0.446001
0.650567
1.0314
0.921499
1.61833
0.759056
0.815065
1.16377
1.13839
1.021
1.36833
1.43611
1.13015
1.38698
0.660306
0.347252
1.61833
0.446001
2.23801
1.36833
0.759056
0.347252
1.48572
0.477507
0.817093
1.36833
0.446001
1.28303
1.43106
0.660306
1.49193
0.477507
0.660306
1.38042
1.61833
1.43106
1.24334
1.67006
0.963622
0.347252
1.02025
0.446001
1.59067
0.650567
0.847348
0.347252
1.59067
0.347252
0.525389
0.525389
0.759056
1.53486
0.859577
0.347252
1.021
1.81158
1.10631
1.15326
1.12381
1.02351
2.37551
1.67939
1.21146
2.04883
3.05097
1.42371
2.10324
1.86072
2.10658
1.60558
1.34432
1.60558
1.13016
2.25115
2.00927
1.76384
1.80828
1.28974
1.62135
2.09223
1.21146
3.3489
1.93443
1.21146
1.23727
2.92014
1.69843
3.14248
1.30195
3.38195
3.22233
2.58532
1.7924
1.84941
1.24557
2.92014
2.03938
1.42371
1.71045
1.71583
3.05313
2.68584
1.12381
3.02661
1.84941
1.03565
1.12381
3.05313
1.69843
2.92014
3.22444
1.04076
3.05313
3.277
3.19314
1.7924
2.36379
1.30195
1.71045
3.05313
2.83198
2.92014
2.69179
1.57445
1.03565
1.12381
0.977457
1.12381
1.25407
1.24557
1.30195
1.71045
1.57445
1.3529
1.34697
1.12381
1.10051
1.07721
2.61591
0.738196
2.40293
1.65845
0.738196
1.30195
0.793252
1.36909
0.913601
1.70953
1.10631
1.88833
1.44621
1.16667
1.99001
1.88848
2.38882
1.79734
0.866596
1.50059
1.19118
2.00013
2.56365
1.15326
2.23463
1.15575
1.15326
1.21146
2.05479
1.97895
1.15326
1.35783
1.15326
1.15326
1.15326
1.15326
1.15326
0.916334
1.15326
1.15326
1.15326
1.97895
1.15326
1.25379
1.48006
1.55697
1.15326
1.21146
1.15326
1.86354
1.41603
1.21146
1.15326
1.15326
1.41603
1.25174
1.12148
1.15326
1.79624
1.84596
1.15326
1.7361
1.21146
1.21146
1.15326
1.15326
1.46981
1.55471
1.30917
1.66582
1.46981
1.10051
1.46981
1.45877
1.56269
1.1799
2.53576
0.965346
2.23397
1.38002
1.05813
0.916334
2.1411
2.23397
2.37049
1.34432
1.17895
1.17895
2.27404
1.1799
1.17895
1.17895
1.17895
1.1799
1.49209
2.79788
1.69745
1.54606
1.38706
1.17895
1.27947
1.17895
1.04596
1.17895
1.17895
1.17895
1.04596
1.17895
1.95983
1.17895
1.04596
1.17895
1.50091
1.17895
1.17895
1.17895
1.17895
1.04596
2.50399
1.36987
2.91629
2.1329
0.916334
1.13201
0.916334
1.74096
1.14284
1.66889
1.22891
1.36987
1.06345
1.49827
1.41013
1.27112
1.00176
1.36987
1.78747
2.24217
1.35457
1.1799
1.86354
0.896493
1.92135
1.12477
1.10051
1.41356
1.1799
1.26501
1.10051
1.29531
1.1799
1.69752
1.39168
1.14075
1.22891
1.41356
0.916334
1.5829
1.07388
1.10051
1.27112
1.9365
1.13207
1.80569
1.89384
1.83816
1.71571
1.29531
1.1799
1.1799
1.26041
1.09174
1.09174
1.1799
1.62878
1.58719
1.29531
1.01235
1.09174
1.69904
1.29531
0.916334
1.54978
1.13201
1.65382
1.36987
1.27112
1.57444
1.62444
1.00176
1.98307
2.00756
1.87752
0.738196
1.51118
1.10051
1.53238
1.70443
2.33422
1.1799
1.2974
1.39137
1.1799
1.38446
1.55099
1.26501
1.13201
1.1857
2.60797
2.45754
0.916334
1.09174
1.22939
1.1362
1.09174
0.916334
1.26501
1.00176
1.26501
1.50059
1.38446
1.00176
1.50059
2.00547
1.10051
1.10051
1.00176
1.11227
1.86404
1.79556
1.52423
1.26875
1.70953
1.4716
0.913601
1.95427
0.913601
2.22659
1.88767
1.49295
1.66257
1.20715
1.71045
1.22829
1.53106
0.999389
1.53003
1.00176
2.41928
2.01358
1.81097
1.00176
1.00684
0.999389
1.94461
2.04696
1.52257
1.20455
1.05681
1.36247
1.75403
0.954155
1.20455
1.16172
0.930016
1.22948
1.38994
1.37219
1.82021
1.34432
1.47829
1.57175
1.60744
1.81201
1.24557
1.34432
1.75166
1.473
1.473
1.7948
1.63984
2.30313
1.77613
1.91843
0.999389
1.60785
1.87974
1.87974
0.978745
1.93676
2.03936
1.78943
2.05162
2.03936
1.87974
1.93676
2.03936
2.03936
1.81702
1.39415
1.43785
2.01062
1.93676
2.03936
0.989849
1.78891
1.56691
1.50418
1.29531
1.40014
1.50418
1.47294
1.62158
0.952361
1.72653
1.38473
1.40014
1.51938
1.11717
1.29531
2.07804
1.8557
2.07804
0.866596
1.50059
1.1799
2.10181
1.81218
1.19797
0.87264
2.23028
1.77371
1.99866
2.32144
0.87264
1.38002
1.38002
1.03354
2.04098
1.43613
1.52109
0.912233
1.59872
1.06704
1.42371
1.67873
1.78263
1.55471
1.00176
1.60234
1.47537
1.23606
1.26643
3.16517
3.02165
1.55865
3.27433
3.18783
2.48625
1.57676
1.30507
1.03354
1.38706
1.00176
1.37219
1.38994
1.66618
1.16446
1.00176
2.13271
1.19274
1.07496
2.69024
2.26402
1.4621
1.69828
1.90894
0.958065
1.00176
1.84481
1.5058
1.05681
1.27651
2.68752
1.17685
1.5001
1.76774
1.69343
1.26501
1.00176
0.694503
1.08832
1.21692
1.00176
1.39688
1.53238
1.24557
1.00176
1.23727
2.41825
0.733642
1.18331
1.42371
1.3007
1.05813
1.52948
1.67252
1.72927
1.29631
1.6341
1.01235
1.42375
1.10271
1.97892
1.39341
1.39341
1.42371
1.49467
1.26501
1.12226
1.38446
2.22679
0.836946
1.81097
1.67551
1.00176
1.44926
2.92566
1.17355
1.64155
2.79064
2.58623
2.00653
1.43608
2.1114
2.00653
1.7403
1.95757
2.1429
2.92566
1.95757
2.66039
2.27841
1.47094
1.64155
2.02426
1.64155
1.30735
1.3285
1.37497
1.53284
1.53284
1.53284
1.33555
2.58623
2.00653
1.53284
1.53284
1.53284
1.40765
1.30735
2.74461
1.40765
1.784
2.66039
1.53284
1.30735
1.53284
1.15263
2.75325
1.53284
1.53284
1.18214
1.69307
1.10051
1.10051
1.13201
1.03354
1.41356
1.1799
2.20645
1.53238
2.38772
2.40101
2.66973
2.10729
1.5815
1.64443
1.50206
1.88944
2.51025
1.17134
1.17134
1.79043
1.50211
1.19096
1.47458
2.59257
1.26501
2.9826
1.67197
1.81099
2.33287
2.67353
1.66661
1.33463
1.39341
1.76962
2.16634
1.55119
1.33768
2.03727
2.34475
1.9684
1.40336
1.55119
2.10372
2.15269
2.31047
1.71105
1.21889
1.79043
1.92043
1.3083
2.36259
2.16128
2.22283
1.38042
2.0547
1.8778
1.14806
1.25509
2.16183
2.95197
1.60081
2.55222
1.71105
1.63265
3.10219
1.79043
1.04931
1.3083
1.98299
2.55494
1.76013
2.16964
1.65188
2.5145
1.16015
1.76013
1.53231
1.88283
1.57969
2.01309
1.50882
1.1799
1.76013
3.23503
3.06715
1.87554
2.04545
1.6357
1.66661
1.5815
1.93209
0.880197
2.32995
1.68905
1.5815
1.97966
1.82824
1.00176
1.28794
1.55119
1.3083
1.93451
1.82496
1.87199
1.66661
1.55119
1.78688
1.47895
1.24401
1.42371
3.52839
2.05548
1.15954
1.3083
1.51465
1.3617
2.33422
1.83444
1.37371
1.76429
1.53821
1.87554
1.79043
1.71674
1.53821
1.40336
0.998071
1.27496
1.17771
1.17134
1.29531
1.17134
1.28042
1.10051
1.96606
1.17134
2.31431
1.40336
1.50882
1.17134
1.42371
1.93585
1.54449
1.17134
1.5815
1.52423
1.47126
1.17134
1.17134
1.1799
1.21889
1.81594
1.70571
3.558
1.70571
1.70571
2.00413
1.75617
1.84382
1.1799
1.42279
3.08881
3.00989
1.65815
1.81594
1.65815
1.81594
1.39341
1.50206
1.65815
1.81594
1.79223
1.79103
1.81594
1.93209
3.37067
1.65815
0.965307
1.7779
1.70571
1.62754
2.1388
1.76291
1.1799
1.70571
2.0547
2.95038
1.98299
1.70571
2.17511
1.78688
1.78801
1.29531
1.48142
1.4046
1.75617
1.78768
1.09174
1.1799
1.87554
1.7676
1.2898
1.73657
1.61565
2.18413
1.14806
1.98946
1.22891
1.26501
1.53821
2.48364
1.6802
2.12969
1.13016
1.26501
1.42757
1.71776
1.00176
1.52006
1.22745
1.56761
1.29531
1.58302
2.93061
1.42797
1.97278
1.29531
1.28042
1.3083
1.82496
1.22745
2.03067
1.70215
2.40444
1.52423
1.78967
1.80508
1.42797
1.52759
1.55119
1.7676
1.3083
1.63265
1.73035
1.53821
1.26501
1.84577
1.3083
1.59309
1.64338
1.63117
1.88976
2.26063
1.6808
1.38669
1.86247
1.47339
1.07139
1.33768
1.02218
1.1799
1.93209
1.42797
1.73035
1.65719
1.17771
2.15269
1.51914
1.7164
1.55119
1.93209
1.7991
1.42371
1.83885
1.47126
1.13016
2.03261
2.15269
1.73035
1.93522
1.52423
1.73035
2.04751
2.47723
1.58477
1.22948
1.73035
1.50882
1.20497
1.17771
1.46935
1.1799
2.52147
1.29313
1.33768
1.66661
1.22745
1.3391
1.63265
0.832646
2.34475
1.1799
1.28042
1.09922
1.04386
1.70809
1.7779
1.15954
1.1799
2.12544
1.82206
3.0946
1.66661
1.55119
1.1799
1.99272
1.33768
1.55119
1.26041
1.49735
2.03421
2.38581
1.44096
1.31867
1.55637
1.69798
2.41293
1.4531
1.47778
1.04931
1.99153
1.42371
1.37583
1.77283
1.15954
1.42371
1.77283
1.55099
1.26501
1.04931
1.33768
2.15798
1.42371
2.34395
1.29313
2.15798
1.3083
2.15798
2.21357
1.15954
1.66661
1.27646
2.15798
2.15798
1.1799
1.13929
1.42371
1.01686
1.09174
1.63444
1.89293
1.1799
1.3083
1.1799
2.13056
1.1799
1.13929
1.33768
2.8322
1.08623
1.42371
1.47126
1.42371
1.42279
1.31256
1.66661
1.13016
1.1799
1.1799
1.22745
1.50882
1.44096
1.21592
2.35579
1.1799
2.57804
1.24425
2.64223
1.26501
1.5815
1.25829
1.22745
1.57466
1.50882
0.955328
1.96953
1.42371
1.41742
1.50882
1.1799
1.24952
1.33768
0.913601
1.3083
1.10051
1.22014
1.25829
1.39583
1.75865
1.55637
1.53821
1.08623
1.53821
1.33768
1.09174
1.53821
1.46151
1.75865
1.75865
1.61455
1.13378
1.28794
1.09229
1.29531
1.47126
1.1371
1.4899
1.31256
1.42279
1.06587
1.1799
1.96151
1.3697
1.40154
1.92599
1.28042
2.53576
1.22745
1.57049
1.44909
1.24952
1.47126
1.60934
1.60081
1.35585
1.5573
1.28469
1.25829
1.46608
1.37371
1.28042
1.5815
0.961153
2.31784
1.3083
1.18675
1.07139
1.45005
1.16462
1.1799
1.63265
1.50882
1.37583
1.79043
1.29313
1.31215
1.22891
1.37371
1.51888
1.00176
1.57135
1.33768
1.48225
1.80508
1.06587
1.85397
1.24952
1.42279
1.55119
1.39341
1.1799
1.746
1.25589
1.66862
1.77087
1.08623
1.22745
1.76309
1.33768
1.13929
1.78967
1.1799
2.98769
1.09174
1.1799
1.25829
1.1799
1.34432
0.916334
1.5815
1.15954
1.60837
1.33768
1.47126
1.1799
1.44321
1.22891
1.3083
1.62102
1.45833
1.35585
1.22745
1.33768
1.27646
1.73125
1.86539
1.76329
1.51977
1.25829
1.88238
1.88238
2.4153
1.40882
1.52765
1.33768
1.40882
1.37371
1.3083
2.23265
1.39341
1.42279
1.14806
1.25829
1.04931
1.1799
1.33768
1.14806
1.14806
1.10051
1.6563
2.21642
1.31256
1.22745
1.47126
1.33768
1.1799
2.14078
1.66661
1.15954
2.29482
1.33768
2.7021
1.22745
1.89766
1.25829
2.0108
1.33768
1.22745
2.70052
1.04931
1.28042
1.33768
1.73175
1.34432
1.26501
1.14806
1.31256
1.29531
2.34072
1.22745
1.42279
1.50987
1.31256
1.42279
1.62495
1.33768
1.31256
1.15954
1.94543
1.39341
1.74513
2.21176
1.24952
3.33461
2.21176
1.34768
1.42279
1.18939
1.31256
1.77608
1.44096
1.76615
1.33768
1.42279
1.55119
1.15954
1.33768
1.15954
2.67382
1.88977
2.60031
1.97525
1.66661
1.71776
1.1362
1.10051
1.17957
1.27496
1.22745
1.1799
2.70471
2.0055
1.97532
2.70471
1.13201
1.24952
1.42371
1.31256
1.66661
2.03507
1.4531
1.1799
1.1799
1.33768
1.76615
1.34286
1.22131
1.79043
1.1799
1.66661
1.42371
1.1799
2.52482
1.90227
1.6499
1.24864
2.30559
1.6123
2.29361
1.47126
3.19914
2.07516
1.31256
2.35924
1.95963
1.01235
1.33463
1.44839
1.79043
1.55637
2.08617
2.08803
1.22745
1.22745
2.14551
4.35265
1.77595
1.82654
1.05125
1.33463
1.5267
2.63003
1.69656
1.58859
1.28042
1.28042
1.778
1.53602
2.23601
1.26501
1.28042
2.07153
1.51684
1.46428
1.63226
1.33768
1.39341
2.23801
2.58654
1.01235
1.31575
1.31575
1.31575
1.31575
1.31867
1.31575
1.31575
1.31575
1.31575
1.31575
1.63519
1.31575
1.31575
1.31575
1.31575
1.53821
1.31575
1.31575
1.31575
1.53821
1.31575
1.31575
1.31575
1.31575
1.34286
1.31575
1.31575
1.4068
1.33666
1.4068
1.72064
1.4068
1.33666
1.33666
1.85126
1.33666
1.4068
1.4531
1.4068
1.33666
1.4068
1.33666
1.4531
1.4068
1.33666
1.4068
1.58765
1.4068
1.69348
1.63265
1.33666
1.4068
1.27496
1.4068
1.4068
1.33666
1.4068
1.4068
1.4068
1.85126
1.33666
1.794
1.23126
1.2146
1.25829
1.25829
1.39373
1.26348
1.37371
1.08623
1.37371
1.26348
1.26348
1.36987
1.25829
1.26348
1.37371
1.26348
1.37371
1.3391
1.29531
1.39341
1.55119
1.37371
1.31575
1.31575
1.31575
1.31575
1.31575
1.31575
1.31575
1.31575
1.31575
1.31575
1.31575
1.31575
1.31575
1.31575
1.31575
1.31575
1.31575
1.21592
1.31575
1.31575
1.31575
1.31575
1.31575
1.31575
1.31575
1.31575
1.31575
1.88455
1.11717
1.1874
1.53821
1.1799
1.1874
1.1874
1.55099
1.1799
1.55439
1.07412
1.3083
1.19133
1.73035
1.63265
1.33768
1.22745
1.07412
0.916334
1.04931
1.65756
2.28558
1.22745
1.25829
1.33768
1.53821
1.77001
1.1799
1.77387
1.33768
1.42279
1.25829
1.33768
1.33768
1.42371
1.33768
2.00776
1.25829
1.1799
1.55119
1.36494
1.33768
1.22745
1.63265
1.63265
1.63265
1.22745
1.63265
1.33768
1.33768
1.63265
1.33768
1.63265
1.71776
1.5857
1.55419
1.3083
1.64524
1.1799
1.74772
1.33768
1.33768
1.22745
1.22745
1.55419
1.22014
1.1799
1.26501
1.51696
1.14806
1.33768
2.291
1.22745
1.22745
1.25829
1.16346
1.22745
1.33768
1.1799
1.44109
1.3617
1.00176
2.12275
1.48864
1.3617
1.00176
1.98621
3.27681
1.00176
2.20326
1.1799
1.67873
1.3083
1.22745
1.42279
1.5815
1.22745
1.25829
1.1799
1.57733
1.42279
1.26501
1.25829
1.39583
1.55119
1.76013
1.42279
1.26501
1.66661
1.34432
1.70452
1.72246
1.94824
1.21592
1.42279
1.33768
1.2898
1.31256
1.27095
1.33768
1.11717
1.33768
1.55637
3.26003
3.4265
2.91546
1.1799
2.2734
2.21909
2.85571
1.6499
1.25829
1.22745
1.13201
1.26501
1.25829
1.1799
1.04931
1.40154
1.92063
1.55932
1.32912
1.4531
1.55932
1.54432
1.42279
1.15954
1.4726
2.33422
1.15954
1.33768
1.22745
1.1799
1.42797
1.33768
1.1799
1.1799
1.13378
1.33463
1.33768
1.29531
1.15954
1.65738
1.33768
1.22745
1.28042
1.33768
1.42279
1.1857
1.04931
1.65756
1.42279
1.22745
1.1799
1.25829
1.22745
1.33768
1.1799
1.4182
1.1799
1.22745
1.04931
1.13201
1.25829
1.79556
1.22745
1.28042
1.87753
1.15954
1.13201
1.34432
1.58741
1.71974
1.42279
1.69984
1.53821
1.71974
1.33768
1.00176
1.05545
2.14078
0.826524
1.42279
2.13661
1.89788
1.89788
1.50211
2.33006
2.62905
1.66661
1.5815
1.6123
1.57806
1.39373
1.33768
2.0499
1.33768
1.76075
1.87312
1.27025
3.53936
1.72573
2.01297
2.97066
2.95832
1.59563
2.14857
2.05051
2.18581
1.29295
1.97495
2.04074
2.28822
2.16217
2.01297
2.43704
1.54594
2.55781
2.11749
1.73658
2.13607
2.5601
3.52434
2.25137
1.50189
2.35031
1.40648
1.30272
1.7705
1.30684
2.89527
1.89507
1.73119
1.6569
2.60533
1.60015
1.37439
1.65672
1.52331
2.34235
2.23144
2.79402
1.99237
1.26525
1.54594
1.5865
2.1486
1.89964
1.50388
1.69025
2.63139
1.87084
1.71775
1.50388
2.13059
1.54495
2.16087
2.31644
1.38846
1.74574
1.56987
3.37801
2.28176
1.83023
2.26356
2.24027
1.12852
1.69953
1.38211
1.28323
1.41268
1.38198
1.38846
1.33422
1.45637
1.65672
1.6619
1.46137
1.27823
1.55141
1.38846
1.26006
2.14682
1.46137
1.32935
1.51051
3.00926
1.28509
1.74023
1.32288
1.86583
1.84307
1.37444
1.49185
1.97607
1.21121
1.55141
1.61489
1.23257
1.35597
1.1431
1.57179
1.87084
1.54148
1.48717
1.59733
1.80455
1.65147
1.22572
2.27429
1.32797
1.26006
1.60759
1.95958
1.64006
1.4946
1.71691
3.41068
1.9444
1.5974
1.61824
1.80455
1.83696
1.27823
1.8403
1.38742
1.60816
1.54495
1.15484
1.59237
2.08318
1.37548
1.57804
2.63714
1.71282
1.44778
1.07083
2.18165
1.99536
1.93898
2.02507
1.54148
2.05505
1.98988
1.59237
1.54653
2.23874
2.02507
1.26525
1.92785
1.64112
1.83023
1.86065
1.27823
1.38846
1.73591
1.76713
1.77069
2.03436
2.49375
1.39865
1.30964
1.55141
1.72681
1.41308
1.94071
1.76713
1.65617
3.25727
2.32496
2.24159
1.99686
1.77028
1.32935
1.60759
3.83082
1.32797
2.40543
2.23972
1.54122
1.55141
2.57117
1.49393
1.95138
2.76453
2.17125
2.78189
2.43704
2.01049
1.32935
2.63706
1.46984
1.71691
1.17658
2.30014
1.61824
1.87066
1.32288
1.61489
1.22572
1.70945
1.4924
1.45637
1.41813
1.35597
2.12332
1.38198
3.65766
2.10861
1.369
1.22572
1.85528
1.97157
1.95958
1.78757
1.54844
1.5865
1.39865
1.39865
1.28323
1.05616
1.46528
1.44778
2.95258
1.59383
1.38198
1.16028
2.03244
1.54945
1.86705
1.15484
1.60816
2.04939
1.11114
1.17658
1.85197
1.52891
1.12852
1.22249
1.26006
1.60497
1.22249
1.1103
1.32935
1.98861
1.61743
1.77892
2.03424
1.4974
1.41808
1.39865
3.91995
2.00315
2.00315
2.16481
2.07307
1.93434
1.60759
1.26006
1.15484
1.28323
1.71282
1.60259
1.14983
1.28323
1.38846
1.4382
1.26006
1.32797
2.44884
2.39601
1.44778
2.14791
3.30549
2.18269
1.25358
1.14983
3.06542
1.75542
1.39614
1.55192
1.30684
1.27823
1.99112
1.88605
1.52891
2.99701
1.92174
1.35881
1.27025
1.17658
1.24394
1.49752
1.81058
2.13059
1.95373
1.81058
1.78728
1.49752
1.369
1.40648
1.78728
1.49752
1.41813
1.85199
1.24394
1.49752
1.84349
1.54506
1.82027
1.89528
1.55141
1.26006
1.57804
2.18165
1.83696
1.72542
1.93898
1.44778
1.41308
1.8403
2.64317
1.54495
2.26889
2.52692
2.26053
1.57804
1.26006
2.14042
2.13688
1.38211
1.73025
1.60997
1.78816
2.02931
1.86498
1.8605
1.68048
1.90312
1.6149
2.29323
1.26525
1.39865
1.53141
1.54495
1.75384
1.37234
1.32797
1.82557
2.38504
1.28323
1.30272
1.91495
1.91495
2.08391
1.26006
1.46137
1.52331
1.27025
1.69953
1.54594
2.26889
1.86292
1.59629
1.47333
1.39032
2.05477
2.58738
1.53071
2.58738
1.82298
2.34235
1.35741
1.38846
3.09608
1.26006
1.51702
1.73114
1.36249
1.40409
1.4946
1.6619
1.55141
1.4924
1.50388
1.4242
1.67521
2.18165
1.20489
1.65617
1.28323
1.83696
1.5239
1.93898
1.75547
1.14983
1.8403
1.57804
1.73114
1.54495
1.44778
1.41808
1.14983
1.4382
1.38692
1.4663
1.20397
1.14983
1.14983
1.37548
1.60173
1.41919
1.59629
1.83023
1.47297
2.12332
1.86583
1.90662
1.55141
1.52891
1.52331
1.44778
1.39865
1.20239
1.59733
1.71171
1.4848
1.44839
1.4382
1.64317
1.54648
1.6923
1.64317
1.38211
1.41808
1.46722
1.51051
2.26764
1.41808
2.23771
1.35881
1.42352
1.54648
1.20397
1.64317
1.51702
1.39865
1.55362
1.41813
1.32797
1.81505
2.18728
1.33297
1.16455
1.41308
2.2274
1.57679
1.20239
2.23593
1.86925
1.41246
1.60077
1.4974
1.79841
1.15484
1.81135
1.53475
1.54148
1.91592
1.53554
2.0566
1.83206
1.91592
1.54648
2.02115
1.91592
1.91592
1.24858
2.11319
1.41349
1.96505
1.33297
1.436
2.02115
1.41282
2.02115
1.91592
2.02115
1.59403
1.8363
1.96505
1.96347
2.02115
1.85181
1.4316
2.17615
1.95033
2.05219
1.63366
1.64102
1.55481
1.90662
1.20397
1.71544
1.52943
1.38211
1.57312
1.65263
1.57696
1.67187
1.61577
1.67187
2.72776
1.59733
2.37892
2.03968
2.64829
2.58902
2.16573
2.24593
1.35496
2.26356
1.45745
1.74665
1.12852
2.30985
3.21328
1.15484
2.21443
1.80602
3.01208
1.52943
2.51529
1.14983
2.21443
1.52943
1.22249
1.83637
1.52943
1.52943
1.32797
1.52331
1.52331
1.79267
1.52943
1.52331
1.28323
1.46137
1.18642
1.28509
3.00926
1.5666
1.32905
1.46137
1.71792
1.66878
1.11114
1.52943
1.14983
1.79267
1.41919
1.23257
1.41268
1.38211
1.79267
1.79469
1.44964
1.61577
1.47423
1.58587
1.34477
1.12852
1.51051
1.38846
1.28323
1.52943
1.46137
1.25358
1.52943
1.24056
1.38211
1.44778
1.32797
1.98876
1.98876
1.5335
2.20141
1.51051
1.33422
1.70928
1.83486
1.20103
2.03838
1.70928
1.98876
2.2062
1.22249
1.69516
1.98876
1.81584
2.17889
1.52331
2.39257
1.14983
2.05021
1.90867
1.50388
1.85954
1.46289
1.59585
1.80978
1.43112
1.51051
1.60259
1.68202
2.10297
1.63747
1.46137
1.80259
1.77443
1.52331
1.28509
1.52331
1.58223
1.45637
1.54648
1.15484
2.13798
2.17946
2.07746
2.03677
1.23672
1.4924
1.80522
1.37548
1.14983
1.7
2.35211
1.58951
1.52527
1.24858
1.45637
2.51702
1.35089
1.51872
1.8676
1.94356
2.0741
2.59435
1.15484
2.05859
1.96835
1.32713
1.64102
2.00548
1.41308
1.06117
1.52669
1.68555
1.78698
1.54653
2.22616
1.71103
1.60263
1.24858
1.21637
1.90809
1.82915
2.32537
2.12585
1.42756
1.64634
2.582
2.13011
1.15484
3.41693
1.14983
1.52316
1.97605
2.24034
1.14983
1.44806
1.14983
1.51794
1.26006
1.14983
1.37439
1.62592
1.41308
1.54562
2.01517
2.32741
1.35881
1.55141
2.09769
1.33841
1.38647
1.14983
1.56635
1.90336
1.97495
1.4663
1.76264
2.24399
2.32119
1.23257
1.77452
1.79802
2.02832
1.14983
1.60759
1.11114
1.15484
1.14983
1.86292
1.65956
1.50388
1.42194
1.73658
1.64523
1.54648
1.54648
1.4924
1.54648
1.59562
1.76065
1.28009
1.94347
1.39865
1.20397
1.50892
1.46289
1.32797
1.39788
1.95178
1.26006
1.26006
1.4085
2.45234
1.64317
1.15484
2.30272
2.67244
1.50388
1.41349
1.54648
1.86965
1.14983
1.90554
1.91628
1.76035
1.90554
2.07643
1.21637
1.90554
1.26006
3.65112
1.20239
1.82891
1.65171
1.56249
1.35881
2.26053
2.70384
1.33514
1.42194
2.6813
1.42119
1.37439
1.7484
1.47962
1.37439
1.41808
1.41808
1.36939
1.62592
1.64317
1.36939
1.58263
1.37439
1.37439
1.41808
1.41808
1.39788
1.64317
1.61541
1.37698
1.46563
1.41808
1.37439
1.47314
1.42119
1.42194
1.41308
1.64317
1.42119
1.6923
1.69072
1.64317
1.36939
1.41308
1.43294
2.16087
1.5682
1.48708
1.5682
1.2335
1.43795
1.48708
2.07918
1.15484
2.29023
1.48708
1.43294
2.06553
2.26665
1.43795
1.43294
1.90554
2.00153
1.48708
1.58583
1.48708
1.50284
1.55058
1.32797
1.25358
1.96772
2.27244
1.91486
1.55768
1.75771
1.85954
1.91155
1.49217
1.26401
1.40795
1.66427
1.19112
1.74931
1.80978
1.97419
2.36745
1.4382
1.49752
1.72573
1.72492
2.55303
3.17275
1.41919
1.93898
2.43864
1.35089
1.90662
1.41919
1.76651
1.67435
1.35941
1.50388
1.42247
1.5065
1.91339
1.49801
2.09963
1.64484
1.58263
1.65096
1.5335
1.74359
1.5285
1.76361
1.74359
2.0317
1.75154
1.87282
2.38014
1.44839
1.4924
1.44839
1.32797
1.33264
2.01502
1.14983
1.38198
2.2274
1.26006
1.45637
1.35881
1.94386
2.14265
2.31711
1.1788
1.95138
2.00721
1.6619
1.62592
1.38198
1.23257
1.57679
2.61279
1.87585
2.42321
1.97532
1.80052
1.45637
1.60727
2.00497
1.75023
1.75573
1.84194
1.6619
1.54148
1.61587
1.52331
1.28323
1.25358
1.60359
1.82948
1.5239
1.54648
1.21482
1.86686
1.35089
1.66364
1.47333
1.74516
1.22249
1.3076
1.60233
1.5239
3.29643
1.70134
2.18933
1.72182
1.26006
1.15869
1.99681
1.9918
2.38289
1.32797
1.72855
1.9918
1.36666
1.14983
1.15869
1.15484
1.15484
1.1788
1.11114
1.37548
1.38727
1.38211
1.22483
1.13432
1.22249
1.30272
1.33814
1.38211
1.08483
1.61183
1.35881
1.67156
1.33297
1.81048
1.22249
1.81048
1.10614
1.68539
1.20397
1.60759
1.33297
1.55889
1.85197
1.4924
1.14983
1.4242
1.41919
1.38211
1.64728
1.86521
1.47333
1.25692
1.26006
1.38211
1.53071
1.28042
1.33297
1.26006
1.54086
1.4242
1.22249
1.26006
1.4242
1.48157
1.99777
1.26006
1.33297
1.47333
1.31259
1.15484
1.33297
3.21658
2.79683
2.80654
2.66839
4.07192
2.90706
3.31953
1.97607
1.6305
2.59586
4.16411
1.58031
2.38853
3.17237
2.44675
1.86731
2.0751
2.96439
1.76713
1.50211
2.68613
1.9402
1.50388
1.78841
2.33512
1.75713
1.15954
2.18485
2.26641
2.24472
1.66661
2.35934
2.19173
1.86731
2.96446
4.13751
2.29035
2.94114
2.43917
1.73118
2.98544
1.74255
2.30887
2.23174
2.87971
2.7036
1.37548
1.65838
2.22933
1.39865
2.07481
2.96797
2.20418
1.65672
2.23108
2.82941
1.71282
2.38853
2.814
2.15639
1.74255
1.95712
2.2135
2.2413
1.3653
1.62592
1.27496
1.26006
3.31953
2.3784
1.44454
1.65672
2.0512
1.71282
2.55773
4.13178
1.37548
1.625
1.35069
1.86731
1.28794
1.41808
1.86583
1.40051
1.40336
1.96973
1.40336
4.04022
1.86731
1.89665
1.40336
1.40521
1.35494
1.86731
1.91106
2.90792
2.02215
2.45079
1.39365
2.04954
1.87084
1.65838
1.65367
1.87084
1.26006
2.8737
1.95936
2.80654
2.30985
2.07054
1.93539
1.98375
1.40336
1.15954
1.84252
2.13968
1.28794
1.30251
2.12085
1.40521
1.93539
1.40336
1.26525
1.40051
2.54492
1.34798
1.95043
1.40521
3.40394
0.812292
1.66661
2.9836
1.53028
1.4954
0.927707
1.27496
0.927707
1.86731
1.87959
2.85063
1.25886
1.93253
2.15663
1.53361
3.53416
3.42032
1.44839
1.66661
1.50211
2.83265
1.62652
1.52998
2.80593
3.13411
1.28794
1.39365
2.06659
1.38846
1.50388
1.71282
1.37548
1.15954
1.40336
1.66661
1.52998
1.57646
1.65263
1.27496
1.63873
1.81365
2.06081
2.57212
2.58561
1.27496
1.81365
1.53821
1.9439
2.51392
3.89996
1.42279
2.43227
1.79609
1.83515
1.31409
2.13252
2.30156
4.51336
1.37228
1.40336
2.43227
1.76713
3.37023
1.46563
1.49594
1.48334
1.40336
1.5285
0.812292
1.76713
2.13255
1.6123
2.36954
3.15756
1.94116
1.21584
1.21407
1.27496
1.55362
1.73411
1.53361
1.28794
1.40336
1.14289
1.23527
1.06587
1.6619
2.86391
1.28794
1.60263
1.37234
1.26006
1.37234
3.03219
2.73909
1.53361
4.8977
3.33544
1.42279
2.80665
1.38846
1.89375
1.65171
3.44757
2.25702
2.46028
2.73909
1.41282
1.28794
3.22897
1.40336
1.7589
3.47091
2.45488
1.40336
1.89671
1.11324
3.13269
3.2027
1.63873
1.76713
1.57804
1.39365
1.25852
2.21352
1.76713
1.25852
3.63886
1.50388
2.66955
2.46554
2.6311
2.44284
1.91197
2.36679
3.89415
2.27561
1.52891
1.47638
1.93924
2.2498
3.77697
1.27496
2.59974
1.27496
1.41308
2.30111
2.44791
1.27496
1.37548
2.52044
1.2177
2.07421
1.87753
1.76713
1.27496
1.40336
1.76713
1.27496
1.71105
1.71103
1.86731
1.15977
2.13056
1.39865
1.27496
1.63873
1.96385
2.03453
3.70092
1.76653
2.13255
1.74255
1.27496
1.93924
1.35472
2.22172
1.27025
1.87854
1.76713
1.66661
1.34798
1.77596
1.61634
1.27496
1.40336
1.52669
1.78852
3.38538
1.67021
1.92808
2.44867
1.65838
1.44839
1.44778
3.51005
1.76035
1.55141
4.0781
1.4531
3.32556
2.13247
4.1808
1.70945
1.66661
1.40336
1.71417
1.27496
1.15954
2.13107
1.66661
1.71103
1.6619
1.40521
1.78863
1.97607
1.73784
3.98323
1.26006
1.40336
2.38279
1.50388
2.09177
2.12585
4.15219
1.40336
1.63873
1.21363
1.5815
1.625
1.63032
3.38258
1.4265
1.67712
1.63032
1.4663
2.83865
1.40521
1.4265
1.63032
1.15954
1.41813
1.53821
1.67712
1.5815
1.63032
1.63873
1.2898
2.31667
1.1389
1.1389
2.13649
1.40336
1.1664
1.24401
1.7028
3.72119
3.00437
1.40336
2.31667
1.16462
1.15992
1.54506
1.15954
1.70945
1.55119
1.55362
1.65838
1.53361
1.15954
1.49594
1.15954
1.1431
1.55362
1.04913
3.60988
1.44778
2.35716
1.38211
1.28004
2.25517
1.68202
1.4531
3.5404
1.89739
1.27496
1.27496
2.07301
1.32466
2.89907
1.9402
2.47164
2.08988
1.40336
1.47638
2.28012
1.15977
1.40336
1.37548
1.24394
1.24401
1.14983
2.28012
1.50388
1.40336
1.53821
1.40521
1.53821
1.40336
1.53821
1.53361
1.28004
1.46183
1.96784
1.62652
1.31938
1.31155
3.35
1.24401
2.51607
1.06587
1.07088
1.22572
1.66661
1.1664
1.06587
1.53821
0.856717
1.06117
1.1664
1.1664
1.33207
1.32912
1.41808
1.26515
1.1664
0.856717
2.47379
1.42964
1.06587
1.53821
1.06587
1.06587
1.10872
1.06587
1.1103
2.80182
1.55362
1.06587
1.06587
1.58263
1.19613
1.06587
1.46493
2.11847
1.12882
1.30272
1.21188
1.28817
1.6619
1.37548
1.44778
1.37371
1.27496
1.06587
1.27496
1.1664
1.6569
1.32441
2.17341
1.42964
1.28004
1.21393
1.37371
3.77341
2.43864
1.37548
1.24394
2.23108
3.50708
1.6123
2.49632
2.13255
1.26525
1.40336
3.50708
1.40521
1.70685
1.7544
1.72662
1.40336
1.76713
2.14567
1.85962
1.7544
1.50958
1.49752
1.41813
1.369
1.49752
1.49752
1.41813
1.27496
1.49752
1.49752
1.49752
1.49752
1.49752
1.49752
1.49752
1.31938
1.49752
1.49752
1.27025
1.49752
1.49752
1.49752
1.49752
1.31938
1.49752
1.15484
1.49752
1.49752
1.27025
1.49752
1.41813
1.49752
1.3178
1.49752
1.49752
1.49752
1.49752
1.49752
1.41813
1.369
1.49752
1.41813
1.41813
1.369
1.41813
1.49752
1.49752
1.49752
1.41813
1.31938
1.49752
1.41813
1.44778
1.27496
1.49752
1.41813
1.49752
1.49752
1.41813
1.41813
1.49752
1.49752
1.27025
1.39699
1.27496
1.6619
3.08458
1.53821
1.20397
1.38211
1.40336
1.40336
1.37548
1.40336
1.58105
1.98649
1.50388
2.71469
1.53361
1.28794
1.90567
1.47423
1.369
1.33768
1.40336
1.15954
1.60667
1.34546
1.17275
3.79001
1.26006
1.15954
1.25829
1.5586
1.1859
1.40336
1.92162
1.70945
1.04913
1.04913
1.53821
1.15954
1.5586
1.27496
1.53361
1.96136
1.26344
1.70945
1.70945
1.26006
2.98851
1.26525
1.86731
2.49632
1.75691
1.52774
1.86731
4.13783
1.87782
1.6123
1.2898
1.46722
1.6123
1.37371
1.27496
1.86731
1.5815
2.52463
1.15954
1.15954
1.26006
1.20239
1.15954
1.15954
1.15954
1.0658
1.35881
1.26006
1.15954
1.30114
1.35881
2.00778
1.41813
1.96385
1.6619
1.94041
3.21269
1.5335
1.50388
1.8991
1.58105
1.58105
1.58105
1.92195
1.58105
1.50388
1.58105
1.27496
1.27496
1.67607
1.40336
1.5335
1.4531
1.58105
1.79262
1.40336
1.42301
1.63873
1.86731
1.58105
1.93318
1.63873
1.58105
1.3379
1.32466
1.56149
1.04435
1.83183
1.6123
2.38398
1.04435
3.16677
2.1074
1.45745
1.94116
1.65171
1.28794
1.6619
1.47155
1.5335
1.72517
2.67142
1.67021
1.5335
2.37051
1.86731
1.37548
1.63873
1.9933
1.76713
2.42321
1.93749
3.66156
1.18129
1.53821
3.00434
3.47253
2.03145
1.37548
2.43219
1.39365
1.80416
1.40336
3.61191
2.43624
1.8257
1.40521
3.38165
1.68147
3.14011
1.76713
1.92162
1.33768
1.57679
1.31155
1.31938
1.17709
2.00865
1.1868
3.20808
1.40521
1.40227
1.86939
1.18129
1.50388
1.8257
1.5449
1.40336
1.90436
1.27496
1.42301
1.37548
1.04913
1.5285
1.52331
1.66661
1.52331
1.4974
1.15954
1.15954
1.15954
1.50388
1.4266
1.51447
2.83424
1.55362
2.36799
1.76713
1.40521
2.10153
1.4924
1.40336
1.53361
1.27496
3.24757
1.34183
1.27496
1.7002
1.40856
1.27496
1.53361
1.51664
1.27496
1.6075
2.13446
1.33264
1.26006
2.05171
1.38846
1.28794
1.42954
1.28323
1.65171
1.28323
1.24394
1.18953
1.3379
1.28794
1.38846
1.96606
1.34959
1.27496
1.38846
1.38846
1.28794
1.4258
2.0883
1.48721
1.38846
1.28794
1.63873
1.44839
1.62736
3.66694
1.40521
1.5815
1.55362
1.45745
1.59562
1.26006
1.26006
1.26006
1.14983
1.35881
1.70945
1.15954
2.93638
1.44339
1.5335
1.59562
1.59562
1.48721
1.28794
1.28794
1.28794
1.38846
1.28794
1.38846
1.48721
1.28794
1.28794
1.86731
1.28794
1.27496
1.44839
1.25358
1.47565
1.50211
1.34798
1.63873
1.63873
1.8725
1.5335
1.57425
1.26006
1.24394
1.87554
2.23108
1.41282
1.4531
1.41282
1.40051
1.40336
1.53361
1.76372
1.86939
1.364
1.89671
1.24394
1.4382
1.76457
1.27496
1.88195
1.76457
1.49594
2.30493
1.89314
1.6584
1.65838
2.47535
2.06323
1.38669
1.86731
2.81052
3.22299
3.50841
2.18341
1.76457
2.47003
3.37938
2.73122
3.33692
1.34649
2.73122
1.76457
3.54346
2.73122
1.34649
1.34649
1.60496
1.96606
1.86731
1.68202
1.24774
1.96606
1.40336
1.55742
1.86731
1.38692
1.96606
3.07937
2.25585
2.80182
1.40521
1.40336
1.66661
1.27496
1.90836
2.40043
1.15954
1.1431
2.44798
1.90836
3.75691
1.53821
1.90836
1.40051
1.90836
1.90836
1.37548
1.37548
1.2177
1.40336
1.40336
1.66661
2.46792
1.81157
1.71105
1.55141
1.67917
1.76417
1.21363
1.6569
1.76417
1.6569
2.65117
2.03574
1.47423
1.55362
1.99272
1.50388
1.63873
1.369
1.15977
2.14597
1.26525
1.27496
1.75398
1.55362
2.14482
1.40521
2.05338
1.676
1.63873
1.87033
1.6134
1.53361
2.69383
1.33079
1.25692
1.53361
1.4974
1.33079
1.28509
2.22953
1.4462
1.28794
2.05134
1.28794
1.40336
1.33079
2.18702
1.36097
1.76713
1.6619
1.42279
1.40336
3.63623
2.80654
3.03144
2.04487
1.94834
1.94724
1.62008
1.62652
2.79986
2.77649
1.62652
1.36295
2.77751
2.22909
2.33843
2.82844
1.59006
1.66861
2.77262
1.6262
2.1712
2.16984
2.31397
3.28178
2.47414
3.89489
2.22909
2.51571
2.59322
1.53321
2.45845
2.10391
3.09933
2.10167
2.72895
2.63086
2.9001
1.70734
3.2101
2.8377
2.31907
2.56841
1.62652
2.29361
2.6249
1.12148
1.66676
1.72526
2.22909
2.7491
2.2071
1.70734
2.0379
1.4617
1.25272
1.36295
1.36295
1.97444
1.30392
1.79238
1.92162
1.36295
1.54109
1.9372
3.23554
1.69603
1.63066
2.05067
1.63231
1.69636
2.73239
1.83287
1.878
1.73649
2.10391
2.71147
1.41801
1.36295
1.67601
1.35147
1.69636
2.04487
1.38298
1.51822
1.36295
2.49233
2.2271
1.36295
1.36295
1.64848
2.52363
1.92885
2.14199
1.61875
1.92162
1.47453
1.63066
1.36295
1.4617
1.66452
1.34907
1.69636
2.49233
1.36295
1.36295
1.36295
1.61503
1.64687
1.49321
2.49233
1.4617
1.67601
2.13894
1.56578
1.79688
1.93
1.63231
1.61697
1.75492
1.36295
1.92162
1.63231
1.79586
1.4531
2.13894
1.92885
2.16014
3.11959
2.3269
2.03727
1.96385
2.22093
1.96385
2.16014
2.84394
2.5503
2.05383
1.81243
2.26019
3.39042
2.46529
1.98141
2.14199
1.8757
1.96385
1.55757
1.90967
2.05496
1.75492
2.49774
1.88976
2.14199
2.05322
2.6476
1.32486
1.75492
2.05322
1.96385
2.14199
1.69588
2.14199
1.96385
2.55203
2.14199
2.02117
2.55203
2.17555
2.14199
1.88976
2.14199
2.49164
2.55203
2.2271
1.47537
2.22909
2.17204
1.75492
2.14199
1.70029
1.56748
3.34988
2.22909
2.54329
2.16495
2.67254
1.96385
2.64935
2.41135
1.81243
1.75492
1.71589
1.70029
1.88976
2.14976
1.46087
2.13894
1.81243
1.41173
1.75677
1.41173
1.26641
1.28677
1.66675
1.66675
1.88517
1.71589
2.32783
1.93305
1.5412
1.62652
1.4531
1.75492
1.35147
2.67355
1.82867
1.88976
2.39712
2.38422
1.8325
1.79701
3.17528
1.72526
4.75456
1.44182
1.81243
1.75677
1.74052
1.63544
1.66675
1.65838
1.69682
1.40987
2.2271
1.80382
1.40336
1.80382
1.8134
1.668
1.80382
1.70029
2.11691
2.48398
1.71534
1.34863
1.29743
1.3504
1.66949
2.48398
1.48066
1.55084
1.88976
1.39481
1.8134
1.48066
2.14199
1.74739
2.33843
1.71589
1.84441
1.60626
1.48066
1.40766
1.3504
1.40766
1.45162
1.3504
1.3504
1.48066
1.3504
1.44915
1.65488
2.12914
1.77527
1.58235
1.48066
2.66784
1.24988
1.53321
2.01816
1.48066
1.68917
1.55
1.24988
1.8757
1.81539
1.36295
2.22909
2.46341
2.32585
1.91708
1.46873
1.81539
1.40766
2.22909
2.04955
1.84209
1.62652
1.35918
1.93718
1.66261
1.56092
2.40417
1.35918
1.26329
1.35918
2.48554
1.13369
1.19715
1.70029
0.995411
2.06206
1.35918
2.52695
1.35918
1.903
1.35918
2.07805
1.56092
1.903
1.35918
1.80465
1.25866
1.35918
1.64687
1.68881
1.35918
3.29613
1.66261
1.63711
1.6662
1.42802
3.09273
1.6662
3.15355
1.34863
2.05383
1.63711
2.22909
1.6662
1.3504
2.22909
1.6662
1.6987
1.98131
2.13299
1.6662
2.98083
1.3504
2.27057
1.61365
1.6662
1.63711
1.96385
1.8672
2.81663
1.8672
2.39953
1.8757
1.8672
1.8672
2.39953
1.63643
2.0983
1.63643
2.39953
1.87486
1.70734
1.94202
1.49135
1.89289
1.89289
1.70734
1.61996
2.09411
1.29743
1.27926
1.63643
1.73695
1.97539
1.8672
2.39953
2.03265
1.8672
1.8672
1.87486
1.63643
1.8672
2.39953
2.28423
1.99623
1.48297
2.2271
1.38473
2.49177
4.09256
1.35226
1.51628
1.24988
1.48525
1.93305
1.12148
1.63711
1.58349
1.48101
2.13662
1.48525
1.71534
1.15923
1.62652
1.75677
2.2271
1.25174
1.48525
1.86571
1.61365
1.7544
1.38014
1.25174
2.18743
2.35934
1.222
1.88976
1.48525
2.29776
2.54016
1.38473
1.92388
1.27926
1.36295
1.82513
2.7292
1.74223
1.5901
1.85246
1.60157
1.85246
2.18951
1.52998
1.73678
2.05845
1.82494
1.85246
1.85246
1.69468
1.54109
2.5246
1.74223
1.31155
1.64687
1.79904
1.68881
1.79904
2.0626
2.0626
1.36295
1.93418
1.75713
1.6262
2.95035
1.86208
1.66676
1.83885
1.62652
2.02518
1.83885
2.60444
1.78147
1.49321
2.49348
1.83885
2.49642
1.60772
2.80135
1.77942
1.36295
1.56748
1.69363
2.08358
1.97302
1.92547
1.98284
1.98284
1.92547
2.1131
2.02422
1.92547
2.02422
2.61294
2.02422
2.05572
2.02422
1.75492
2.49233
2.02422
2.63064
2.05572
1.66676
3.75612
1.74343
3.50411
2.14199
1.97302
1.59447
1.59447
1.93
1.71074
1.71074
1.91248
1.96385
1.30636
1.7546
1.66676
2.98353
2.40722
2.17991
1.62873
1.52998
1.8757
2.2271
1.52998
1.79322
1.75492
1.90793
2.01816
1.75492
1.75492
2.01816
1.93305
2.06932
1.75492
2.87405
1.88153
1.70029
1.62652
1.53836
1.87843
2.29699
1.87843
1.96354
1.98851
1.36295
1.93491
1.62873
3.28195
1.83473
1.79902
2.31451
2.95019
1.9318
1.83473
2.45809
2.73798
1.8134
1.79322
1.87277
1.80465
1.79322
2.00595
1.64507
2.65892
2.48418
4.11271
2.8343
2.439
2.03727
2.0626
2.60399
2.35934
1.81243
1.55033
1.75535
1.7328
1.71589
1.81243
1.83473
1.84429
1.66675
1.71589
1.52998
1.83473
2.23867
2.2271
2.2271
2.50371
1.83473
1.88422
2.25328
1.75582
1.65928
1.48185
2.10352
1.65928
1.40426
1.40426
1.96385
1.83473
1.40426
1.85366
2.24611
2.51632
1.40426
1.85366
1.88517
1.11997
1.78375
1.18408
1.18408
1.83473
1.75535
1.18408
1.53836
1.75492
1.47722
1.18408
1.75492
1.55871
1.18408
1.7165
1.34697
1.50475
1.18408
1.75492
1.62652
2.07401
1.18408
1.39452
1.88517
1.74836
1.42813
1.50475
1.75492
1.18408
1.73049
1.78863
2.27012
1.75492
1.18408
2.15099
1.34697
1.18408
2.54011
2.14199
2.14199
1.18408
1.65805
1.56807
2.67025
1.52998
1.79904
1.26952
1.56269
1.18408
1.4531
1.75492
1.18408
1.18408
1.52998
1.18408
1.52507
1.93305
1.18408
1.52998
1.15486
2.8175
1.77953
2.8175
1.18408
1.62873
1.18408
1.66682
1.18408
1.10863
2.31177
1.54782
2.2271
1.18408
1.18408
1.52998
2.11033
2.0626
1.52998
2.31963
1.52998
1.80465
1.5901
2.00014
1.8757
1.77527
2.37545
2.37545
1.80465
1.51171
1.65838
1.52998
1.75492
1.26641
1.66949
1.85366
3.22754
1.52998
1.75492
1.1868
1.52998
1.33982
1.72526
1.52998
1.62873
1.80465
2.2998
1.52998
2.78785
1.52998
2.33843
1.52998
1.88976
1.88976
1.80465
1.75713
1.52998
2.73239
1.52998
2.01816
2.66214
2.49197
1.52998
2.19505
1.52998
1.26641
2.95883
1.96385
1.86113
1.52998
1.96385
1.93305
1.52998
1.93305
2.37389
1.96385
2.28769
1.52998
1.52414
1.67715
1.85858
1.6258
1.75492
2.61286
1.52998
1.93305
1.49135
1.66861
1.96123
1.1868
1.33982
1.5339
1.71776
1.36295
1.73106
1.85414
1.85414
1.4617
1.46873
1.62652
2.1848
1.62873
1.26641
1.72526
1.62652
1.96385
2.11687
1.36295
1.93
2.00595
1.44182
1.97996
1.82117
2.26418
1.59788
1.62652
1.82117
1.88976
1.4531
1.75677
1.8757
2.08134
1.33982
1.1868
1.75492
1.71391
2.54329
2.13894
2.38551
2.64204
1.85366
1.62652
1.75492
1.8757
1.62652
1.4531
1.8757
1.4531
1.27496
1.79904
2.54329
2.29093
1.99896
2.21154
3.40578
1.86783
1.79904
1.70029
2.20908
2.62158
1.75492
1.75492
1.52998
2.40722
1.87579
1.52998
1.85366
1.73198
1.4617
1.56748
1.44455
1.53836
1.62652
1.52998
1.36295
1.36295
1.4617
1.36295
1.54109
1.52998
1.62652
1.52998
3.69798
3.12344
3.20615
4.12387
3.97289
4.22262
2.73239
2.67254
1.46873
1.62652
1.62652
1.96385
1.80465
1.43631
1.72526
1.80465
1.70811
2.11815
1.70811
1.57207
1.70811
4.03876
2.45505
3.89814
2.74422
2.36708
2.09411
1.63711
2.36708
2.14199
1.50641
1.36295
2.02117
2.49233
1.96385
1.70811
1.70811
1.70811
1.70811
1.70811
1.70811
1.54728
2.11815
1.70811
1.4617
2.11815
1.70811
1.62652
1.70811
1.70811
1.73198
1.77953
2.06045
2.30157
2.30157
1.73198
1.62652
1.96385
1.96385
2.18855
2.18855
1.88976
1.26641
1.8516
2.14199
1.26641
1.40336
1.62652
1.62652
1.80465
1.62652
1.87082
1.4916
1.75492
1.71501
1.90035
1.36295
1.62652
1.78019
2.14199
1.80465
2.41914
2.14199
1.75492
1.52998
2.20282
2.22909
1.75492
1.66949
1.26641
1.20517
2.33196
2.12736
1.66949
1.15618
1.83473
1.75677
2.14509
2.0983
1.96385
2.55513
1.83473
2.14199
2.31813
2.27133
1.92016
2.36708
2.2271
1.8134
1.71589
1.3152
1.3152
1.29313
1.93305
1.50211
1.1398
1.02956
1.1398
1.72524
1.40336
1.36295
1.41173
2.01136
1.71589
2.98864
2.42426
2.41914
1.81243
2.80654
1.41173
1.27926
1.16903
1.25174
1.38473
1.48525
2.76524
1.62873
1.81243
1.10863
2.05322
3.11382
1.62652
1.81243
1.52998
1.81243
2.24959
2.09003
2.60751
2.31201
2.31201
2.31201
1.0114
2.08693
2.31201
1.71589
1.71589
1.94083
1.71589
1.81243
1.94083
1.81243
1.81243
1.81243
1.71589
1.71589
2.19396
