5.36141
3.21467
3.6396
4.34024
4.34024
3.81079
7.06983
3.81079
5.50677
5.49763
5.33767
3.30969
5.61785
3.71755
4.03924
3.71755
3.88395
4.53003
5.4366
7.54682
4.21166
5.95048
5.54141
5.95201
4.58845
6.30483
4.12749
4.39876
3.73853
5.19847
4.33667
4.82336
3.95198
4.1459
3.68394
4.19212
4.5618
3.65879
4.54718
5.39786
4.46476
3.44253
4.00474
4.55933
5.72483
7.26534
3.74054
3.91162
6.35422
3.77001
4.42005
3.91162
3.81972
4.85514
3.48988
4.77061
4.30725
4.1091
4.16094
3.68394
3.46472
4.53003
4.26762
3.72854
4.38966
3.70321
3.57231
4.00474
3.71755
3.91162
6.35422
4.14077
3.71755
3.91162
3.48988
3.94464
3.46472
3.7038
4.5426
3.95198
4.22594
4.21379
4.58468
5.21347
4.85494
3.4541
6.69883
4.38134
4.41938
4.62409
5.4794
3.82613
3.65879
4.99364
3.91162
3.58121
5.06896
3.91162
5.56792
4.87325
4.46825
3.831
3.76509
4.2391
3.88131
5.69722
6.17097
3.1017
5.08468
4.05194
3.83979
3.58534
4.78155
3.6959
4.72306
3.90499
5.55089
3.81728
3.86755
3.62024
3.58121
4.01892
4.46476
3.6959
4.69638
3.78252
4.50204
4.38515
4.26066
4.58622
3.88996
3.8596
4.18083
4.42599
7.02376
3.69714
6.00587
3.90521
3.72972
4.18083
4.56882
3.93956
4.18083
4.18083
3.46968
3.77154
3.98628
4.18083
5.82848
4.73523
4.58392
4.58392
3.71484
4.08142
3.90352
3.78714
4.45924
4.68268
4.77661
4.04119
3.63204
4.23906
4.50429
4.13223
4.31033
5.31807
3.99175
3.83711
4.8548
4.40588
4.88869
5.1049
3.81321
3.62508
4.7038
4.59941
4.47365
4.57521
3.8596
4.07224
4.57087
4.01489
4.2131
4.82135
4.41243
5.16589
4.7149
4.50204
4.93343
3.88996
4.13223
4.61995
4.12302
5.29451
3.2848
4.201
5.02044
3.99345
5.01318
3.90417
4.08924
3.60517
4.79426
4.17258
4.61738
5.41288
4.08242
4.35547
4.06342
4.42559
3.80173
3.81419
3.79998
4.95345
4.18383
4.37864
4.27355
4.01489
4.27355
4.14727
3.66068
4.0001
3.9249
4.05151
5.7862
3.86211
4.14727
4.4072
5.20541
4.07959
3.48988
4.85337
3.73875
5.89684
4.13223
4.3863
3.54848
5.19583
4.87708
4.65746
4.91395
4.00614
3.89668
3.89332
4.02554
3.50624
3.90085
4.08392
4.08727
5.29224
4.88869
4.40623
4.04297
4.57521
4.70832
3.88985
3.5425
4.10495
4.77661
4.35333
4.03763
3.9226
4.74017
5.80346
4.17262
5.11853
3.86809
3.48346
3.99625
3.6959
4.0624
5.02911
3.83679
3.68155
4.10345
3.03043
3.88996
4.49384
4.05998
4.17666
3.58121
4.73651
4.38314
3.7782
4.01245
3.66218
4.80876
3.88985
3.44628
4.4856
3.95856
4.76124
3.54457
3.61223
3.64473
4.197
4.17258
4.17161
4.70955
4.39049
5.82632
5.11094
3.25166
5.08428
3.65404
3.63616
4.10938
4.23554
4.20466
3.4306
4.2707
3.67108
4.05641
3.95854
3.92753
4.47968
4.62641
3.61335
4.30123
4.91093
3.76801
5.11595
4.84415
3.89772
3.6959
3.65404
4.2391
3.88641
4.37864
4.16405
4.63889
3.66218
3.88996
3.76172
3.5425
3.88985
4.13223
3.81812
4.09443
3.81447
3.88631
3.78714
3.8164
3.51531
4.18577
4.48275
4.82135
3.79205
4.52708
4.93343
4.00464
5.50829
4.61995
3.86809
4.58262
3.51531
4.26343
5.28098
5.73008
3.66914
3.97851
5.70241
3.91529
3.79998
4.88434
6.44788
3.73875
4.88765
5.61438
3.57629
3.83279
3.67523
4.08924
5.67063
4.27959
4.40528
4.03431
3.79998
4.78291
4.08924
3.95803
5.10834
4.81316
3.68015
6.52569
3.79998
3.77727
5.56066
3.89867
3.88364
3.86749
5.03901
3.72799
4.02342
4.82352
3.76509
3.73591
3.82747
4.5291
6.01654
3.67523
4.87299
3.85624
3.69727
3.57606
3.86953
3.61502
4.08392
3.85504
3.91225
4.96812
4.67909
4.24865
3.90443
3.85787
4.34587
3.73875
6.03106
4.02886
3.60517
4.41721
3.92009
3.51531
3.86211
3.86971
4.35758
4.62432
4.20383
3.47875
4.87234
4.93343
3.99459
4.2707
4.29783
4.37317
4.82135
4.61995
3.88996
3.73875
3.64697
3.58284
4.1401
4.77531
3.95328
4.89575
3.84168
4.17775
3.32135
3.61335
3.15317
3.84351
2.95384
3.72854
5.82046
3.8596
3.54457
5.21497
4.62536
3.76197
4.14258
3.81054
4.17105
3.51531
3.9627
3.39314
3.49291
4.14258
3.67523
3.46282
3.23883
3.81054
4.21793
3.67523
3.60517
5.52182
4.14985
4.36874
3.4306
3.99486
3.72121
3.7369
4.45638
4.57661
2.57644
4.00951
4.02342
3.65404
3.32273
4.87458
3.89867
3.93257
2.77231
3.77001
4.12749
3.73198
4.69891
5.33759
3.37982
3.9075
4.72359
3.85067
3.98524
4.14619
2.86933
4.05435
4.14353
3.86477
4.64683
4.56302
4.30488
3.88972
4.1243
3.65404
4.4506
4.03478
3.52643
2.77075
3.17127
3.62292
4.10345
3.29497
4.21259
2.8489
2.89882
3.48127
3.44056
3.72602
5.91489
3.88985
3.34246
4.31139
3.48343
2.75388
3.54616
4.30345
4.65452
3.76509
4.16405
2.92732
5.21107
3.38459
3.76509
2.75388
4.98556
3.77142
3.40778
3.57114
3.37982
4.2604
4.03763
3.54616
3.88391
3.70219
3.73851
3.80657
3.44056
3.85787
3.61607
4.68651
3.78678
5.47204
4.19331
2.99575
3.38087
4.14353
5.47165
3.87551
3.64334
3.87102
6.42974
3.45261
3.7101
3.29521
3.62683
3.92206
4.03913
4.34958
3.56873
3.74632
3.51149
5.64895
3.9225
4.04112
4.30725
4.21001
3.90405
3.66218
3.79205
4.18083
2.75388
3.38087
4.18083
4.10579
4.18849
3.66891
3.90405
4.18083
3.65404
4.63764
3.46282
4.18083
4.27678
6.34905
3.91787
4.30725
4.30725
4.30725
4.30725
4.03135
4.02189
4.18083
3.72854
3.65404
4.20184
3.99223
4.03064
4.18083
4.18083
4.31543
4.59273
4.18083
4.42018
4.18083
4.18083
4.18083
4.18083
4.18083
4.2707
4.18083
4.18083
4.59273
3.24683
4.18083
4.58622
4.18083
4.18083
4.18083
4.31543
4.18083
4.31543
4.18083
4.18083
4.31543
4.18083
4.2707
4.18083
4.18083
4.18083
4.18083
4.18083
4.18083
4.18083
4.71548
4.0813
4.0813
4.18083
3.65404
4.0813
4.18083
4.0813
4.18083
3.4306
4.0813
4.64633
4.63759
4.14985
4.18083
4.18083
4.0813
3.60603
4.0813
4.0813
3.83866
4.11615
3.75445
4.6535
3.55201
6.34493
5.98891
3.33763
4.0741
3.70764
3.74666
4.20694
3.7871
4.4889
4.45794
4.05194
3.99271
4.7151
3.42043
4.58392
4.32755
4.90906
4.28762
3.96408
5.14858
4.29099
4.81012
4.68285
4.81012
4.11691
3.9047
4.4889
4.58392
3.79623
3.88117
3.76281
3.7104
4.21487
4.57661
4.06159
4.00041
3.50624
3.81321
3.65237
3.99146
4.98838
3.74739
3.87531
4.90717
3.5892
4.32755
4.59339
3.74036
3.96976
4.00632
4.38256
4.79862
3.87531
3.87644
4.76044
4.72167
3.44137
3.79623
4.12777
4.58538
3.76831
4.67697
3.85911
3.58398
3.70944
4.09604
5.82795
4.19147
3.58816
4.05998
5.89684
3.99146
3.69727
4.12289
3.89675
3.87051
3.65404
4.7722
4.09212
6.45727
3.87274
3.62113
3.78714
3.99223
4.11086
4.12749
4.6531
3.52275
3.68662
4.66931
3.89867
3.67523
3.99146
3.82861
3.95654
4.05548
4.46476
3.98853
5.37326
3.63867
4.98367
4.04005
4.16993
4.45954
4.24864
4.88718
4.11329
4.73196
4.96256
5.05667
3.9208
3.98085
5.791
4.02717
5.15686
4.93785
5.06378
4.08392
4.08392
3.99842
3.81419
3.88996
5.38099
3.44113
5.14384
4.1243
3.32307
3.46282
4.69701
5.14462
4.20088
3.5667
4.7587
3.72854
3.65404
5.19962
5.42818
3.66218
3.5871
4.09802
3.79205
4.14353
4.27737
3.73591
3.65404
5.08852
4.2868
3.97103
5.01332
4.68747
4.09539
4.16489
4.6056
3.66218
3.28735
3.66218
4.05998
3.70475
4.05998
4.10361
5.84864
4.42599
4.01563
3.21027
3.78841
4.23771
3.85504
3.4306
6.25032
3.9858
3.44585
4.85126
4.08473
3.2519
4.8418
3.75146
5.71449
5.04557
4.05852
4.32606
4.46647
5.77072
4.37593
5.22522
4.24964
3.65404
3.38754
5.50424
4.97441
3.60517
3.87266
3.88985
4.27005
5.07454
4.36557
4.54136
4.09203
3.48619
3.99671
3.83755
3.6959
3.39314
3.81054
3.82591
3.79326
3.67681
4.91622
4.03999
4.51421
4.27414
3.84214
4.22997
4.20858
3.50203
3.59248
3.36904
4.4127
4.15261
3.46207
3.6296
3.65638
4.36073
3.92641
4.41764
3.64059
3.76006
3.92506
3.76481
3.82861
3.77327
4.65038
3.98108
3.64059
4.21274
4.02192
3.88594
4.58691
4.36202
3.34431
4.02489
3.6283
5.18522
4.67909
3.85787
5.18522
4.2121
4.99302
3.5722
3.71525
3.65404
3.57231
4.18198
3.95198
4.47968
3.77728
3.69625
3.00466
3.84618
4.62272
4.19884
4.12749
4.00383
4.35547
3.94464
3.03619
4.56363
3.65404
3.4306
4.01365
4.46082
3.58398
4.21854
3.00888
5.93415
3.65796
4.70199
3.77001
5.53968
3.80055
3.71272
3.54475
4.19865
3.63977
4.63661
4.76145
3.60517
3.77036
3.64452
3.99919
3.86868
4.16405
5.54646
3.70219
3.4707
4.02342
3.8109
3.65404
3.47875
3.54457
4.55264
3.81419
3.86211
3.71525
3.95926
3.71525
3.85949
3.86211
3.71525
3.7101
4.05998
3.85339
3.90417
3.4306
4.28791
5.14384
3.65404
4.05548
4.07682
4.19102
6.56309
3.57013
3.83583
3.9255
3.6436
6.26541
4.96722
6.56131
4.37035
6.70141
5.1804
6.56131
4.96525
6.02821
5.38035
6.34448
6.56131
6.60859
6.56131
5.5504
5.12376
4.11329
4.64045
6.07325
4.87024
6.76268
4.43121
7.5182
5.47588
4.72928
5.24621
5.63713
4.01308
5.53197
6.43355
4.03119
4.34386
4.1607
4.1099
6.12695
5.99134
4.13985
5.57882
5.81001
5.62265
4.36215
3.81716
3.2562
4.40092
5.2778
5.54543
3.89531
4.40868
4.66964
5.72483
4.85812
4.8674
4.8442
5.2523
4.11718
3.34643
4.34002
3.87147
4.69016
5.19058
5.87875
5.4409
4.25456
4.62194
7.69957
3.69666
4.90108
6.31874
7.19682
6.15035
4.50551
3.98608
5.19024
4.31148
4.40457
5.73721
5.70769
5.04249
5.40585
5.12674
4.32218
5.07692
4.90358
4.42188
4.57011
4.86856
5.06537
4.9313
5.20461
4.57503
5.66016
7.17585
4.2077
6.00954
5.0352
3.81856
4.60677
5.40983
5.76693
4.86793
5.5457
4.8478
4.97401
4.6767
3.45269
5.9437
6.98718
4.53478
5.54076
4.46889
5.24312
4.44805
3.96457
4.62702
3.89531
3.34307
6.53235
5.71508
5.3095
4.01184
6.11087
5.36284
7.64617
4.87625
4.39909
3.72163
5.12442
3.89055
5.09567
4.56212
4.27847
4.5
6.60748
4.40064
5.2861
4.80137
4.54186
4.58894
3.95445
5.49159
7.06128
3.89531
5.47181
5.06094
4.44969
4.98551
5.36775
4.49606
4.09701
5.15892
4.99766
4.75433
4.40109
5.54536
5.13578
4.07727
5.15088
4.54928
4.64909
4.96839
5.1804
4.00126
4.51959
4.85221
5.70154
4.85187
4.8477
4.57456
5.77041
4.66691
4.05456
5.02322
4.60677
4.16272
4.8635
5.06863
5.27104
4.28664
4.33584
5.65699
3.68187
5.09729
5.26562
3.48422
5.49159
4.45749
3.96297
4.18688
5.26526
3.98608
3.98517
5.89864
6.73797
4.50622
5.63713
5.07668
4.08732
4.97779
3.7488
4.34264
5.3719
4.37286
5.20708
4.88733
6.10858
4.73546
5.61597
4.64912
4.06019
4.28215
3.42433
4.31638
6.1398
5.97109
4.46431
3.49173
4.21128
4.36003
4.29163
5.26693
4.7138
4.6144
4.43055
4.12106
5.26693
5.53533
4.40427
4.82664
5.95358
4.62308
4.36738
5.26693
4.04486
4.73268
4.2499
4.40983
3.1822
4.56471
4.88551
4.42748
4.77564
4.27238
3.71413
4.01226
3.73249
5.10824
5.06029
3.71413
5.32188
3.85458
5.02061
7.67369
4.72709
4.93135
4.78085
4.47043
4.20668
3.45719
4.79797
4.06978
4.92934
4.64909
5.06029
4.3181
6.3634
4.72379
4.6659
4.29243
3.75701
4.56255
3.75701
5.41146
4.45368
5.0044
3.7556
4.29243
5.2022
3.80966
3.91695
6.34099
4.1652
3.90703
4.33391
5.23304
3.98517
4.20668
4.27001
4.57157
4.66536
5.70816
5.00237
4.41408
5.31797
4.14584
5.3173
5.95685
5.48515
3.78247
4.85982
4.97195
3.92927
3.83355
5.54601
4.57085
3.80162
4.37333
5.0047
6.26098
4.41211
4.52969
5.25116
6.19043
5.0926
4.40105
4.51464
4.52762
4.08485
5.66816
5.35134
3.80966
4.92482
4.19223
4.38719
5.58851
5.0799
4.9049
4.18174
5.34712
5.40423
3.80966
4.01237
5.23554
4.54928
4.12106
6.38463
4.60677
4.14258
4.12106
4.46059
5.00933
4.23071
6.7182
4.25197
5.05529
4.02553
4.55612
3.85568
4.44026
5.98312
4.28329
5.00568
4.65131
4.75703
4.37286
4.40077
4.32733
4.36902
4.88014
4.16135
5.84779
5.49143
4.89624
5.87651
4.2133
4.38577
4.74157
4.95761
5.66896
4.60922
5.36724
5.29807
4.2713
4.2713
4.24174
4.2713
5.78745
4.2713
4.33711
4.06364
4.19628
4.2713
4.2713
4.2713
6.26303
5.54679
4.2713
4.33711
4.2713
4.45663
4.2713
4.33711
4.19628
3.69009
5.12422
4.2713
5.03254
4.2713
4.54044
4.89453
4.2713
4.36683
5.72483
4.8514
3.95445
4.2713
4.88652
4.2713
4.2713
4.10685
5.83914
3.64659
4.42969
4.83109
4.22084
5.6814
4.83939
4.05839
5.77359
4.65297
4.4064
4.45784
5.13531
4.05456
5.87424
4.05216
4.92159
4.89642
4.70894
4.55612
4.51464
4.30684
4.21347
3.48422
4.82446
4.37426
4.57426
3.86838
4.5463
5.25092
4.44405
4.06606
3.93756
3.77191
5.17122
4.83437
4.12106
4.5463
4.04431
5.75505
5.63713
5.43009
3.84987
4.10174
4.1447
5.53397
3.84433
3.98608
4.00724
4.22556
5.12501
3.6099
5.17567
5.46991
4.205
5.15862
4.14927
5.43118
5.91176
4.38019
4.32284
4.65751
4.35692
5.17068
4.586
3.89055
4.01184
3.99347
5.31146
3.87483
4.29051
4.47625
4.40968
3.99347
4.76608
4.03625
4.91859
4.71548
4.62111
5.00314
5.29051
4.81101
3.85316
4.57178
4.13985
5.61175
4.28342
4.81101
4.59043
4.52057
4.94939
4.42602
4.52057
4.52057
4.52057
4.15478
4.52057
4.52057
4.52057
4.52057
5.13889
4.14687
4.52057
4.42465
4.52057
4.52057
4.52057
4.52057
4.52057
4.52057
4.02755
4.52057
4.52057
4.52057
4.52057
4.52057
4.48674
4.52057
4.52057
4.52057
4.52057
4.52057
4.52057
4.03119
4.27329
4.52057
4.52057
4.18636
4.5479
4.77958
4.92958
4.39893
4.57349
4.81047
5.40219
5.21079
5.3603
4.53733
4.91856
5.14029
4.97904
4.19033
3.82665
5.52467
4.8265
5.0593
4.93757
4.20736
4.16343
4.32437
3.97616
4.8514
4.25517
4.43806
4.63017
3.23025
5.26701
5.37109
5.68622
3.94303
4.31728
5.33365
3.89055
3.94303
4.14788
4.31539
4.99428
4.91833
4.14788
3.98608
4.44989
4.24341
4.59069
4.02755
6.32274
5.2955
5.66129
3.86838
3.78562
4.05776
4.68212
4.02962
3.78562
3.78562
5.26795
3.78562
4.14826
3.78562
4.93889
3.78562
3.78562
3.69009
4.14826
5.14029
3.78562
4.14826
4.8309
3.86838
4.14826
4.02962
4.14826
5.45776
4.17555
4.00742
3.78562
4.18688
3.69009
4.65045
4.33845
4.45036
3.85001
4.42939
4.24296
4.46802
5.24966
4.46802
4.1616
3.89715
4.25056
4.96786
4.23661
4.78062
5.36893
5.26059
4.84504
5.19618
4.73341
5.19618
5.17335
5.46839
3.94554
4.12106
3.89198
3.77285
4.1616
4.98147
5.26701
4.5298
3.96871
3.98608
3.89149
3.94554
3.08942
3.94554
4.66966
4.86838
7.62196
4.4144
4.74194
3.94738
4.6101
5.25913
4.54506
5.45592
4.1969
4.27847
4.60293
4.32648
3.96297
3.92146
3.95637
4.02755
4.40744
3.98702
4.21314
4.0519
4.46979
3.91409
4.1412
4.22505
4.377
3.99914
3.79978
5.0801
4.93753
5.16727
5.00638
4.40323
4.32058
4.1297
4.84905
6.29625
3.7556
4.319
5.03309
4.69501
4.48584
4.72928
3.77285
3.98517
4.12106
4.84905
4.57174
5.57558
4.80811
3.96871
4.32324
4.66364
4.31896
4.34792
4.50372
4.7477
4.18909
4.06606
4.694
4.362
4.44937
4.32324
4.01136
4.7795
4.10295
4.12387
3.35837
4.45849
4.76071
3.50261
4.29243
3.71161
3.62029
4.75797
7.20548
3.38729
3.9496
5.12623
3.6944
4.02403
5.50972
3.92835
4.97904
4.3475
4.90589
4.45368
3.45869
4.64823
4.23335
3.60611
5.26012
4.60384
4.83636
5.18082
4.33451
4.2823
2.81688
4.27248
5.26509
3.88964
4.03698
4.5541
3.75701
4.517
5.23233
4.77822
4.18174
3.63696
3.95546
4.46059
3.65703
4.48015
3.98517
3.5615
4.46349
3.91651
4.14349
4.85947
4.319
5.613
3.95546
4.86119
5.36973
5.03069
3.39548
5.26277
3.91695
4.84644
3.53431
4.19111
4.28109
5.41114
4.84756
5.58592
4.01068
4.81101
4.5359
4.42248
4.85667
3.85113
5.01862
4.00396
5.59152
4.39798
3.34567
3.34834
4.07929
3.98356
4.13594
4.18361
4.82193
3.59887
4.01237
4.08944
3.6944
4.10085
4.46125
4.11408
4.01237
3.98517
4.01237
4.20668
3.8115
3.98752
4.25297
5.32055
4.31512
5.24417
4.51347
4.60453
5.00881
4.64176
4.45859
3.88964
3.76939
4.12426
3.98702
4.06512
3.88964
4.36349
4.14442
4.21621
4.51986
4.05456
5.93439
3.85113
4.42832
5.04398
4.4412
3.98608
4.37538
5.52866
5.73631
4.25032
4.24509
4.98167
4.28307
5.36659
4.49515
4.33391
3.37162
4.49515
4.16851
4.33391
4.24509
4.33391
4.24509
4.54142
4.05284
4.14769
5.16792
2.95584
5.63138
4.01132
4.1412
4.60922
5.1461
5.21161
5.31169
5.96958
3.80966
4.74802
4.25825
5.07843
4.06394
4.67232
3.57975
5.07346
3.83927
5.6821
4.45479
4.21999
4.2736
5.12862
4.9772
3.85764
5.14131
4.25856
3.97628
5.7419
5.49802
5.43605
5.12713
4.45805
5.22173
4.71321
3.98702
4.94083
4.64241
4.73318
4.48482
4.01237
4.48482
4.10606
3.99028
3.80966
4.09757
4.15481
3.89715
3.85113
5.26097
3.76015
5.35228
3.35742
4.18458
4.88022
5.71574
4.31148
4.0561
4.48482
4.28342
4.36112
6.34755
6.27174
6.27174
4.01237
5.71176
4.72881
4.27031
4.76795
3.83927
3.87686
3.30781
3.57611
4.04514
4.11974
4.67982
4.70059
4.85533
3.85113
4.10054
4.54928
4.72129
4.72129
5.04497
4.02553
3.9874
4.14739
4.1412
4.35348
4.11009
4.73718
4.80551
5.20234
5.02483
5.02483
4.39968
4.75167
5.07246
3.75163
4.26986
4.12106
4.92115
4.12106
4.12106
4.12106
4.12106
4.02553
4.10054
4.02553
4.22186
4.12106
4.83658
3.80966
3.90703
4.80982
3.62123
3.7556
5.13351
3.61939
3.88964
2.95442
3.91695
2.99239
3.77278
5.13351
3.64862
4.33915
4.62555
4.14642
4.06978
5.58027
4.21269
4.37956
3.69009
3.85113
3.98702
3.85113
3.80966
4.30109
5.04249
5.18259
5.00256
4.66052
5.1638
4.69016
5.23102
4.66052
4.53961
3.85113
3.85113
3.85113
3.85113
4.44657
4.69453
4.7769
3.47701
4.33279
3.9973
3.66541
5.92567
4.00148
3.85113
3.7556
4.0699
4.71593
2.99424
4.24102
4.24102
2.8756
3.85113
3.85113
3.53277
5.00901
3.85113
3.57975
4.13251
3.7556
5.34202
3.7556
6.77827
7.28242
7.12108
5.22582
4.81684
3.99607
3.75596
5.38331
6.49025
5.02888
4.20602
6.47409
3.42284
4.542
4.61651
3.64832
3.88777
3.78942
4.32593
4.27729
4.89016
6.80472
4.28203
3.88886
6.15664
5.68322
5.76362
5.07262
4.8406
6.26423
6.10067
4.71723
5.62545
6.38551
5.68063
4.45176
5.52738
4.50531
5.11161
3.76668
4.60708
5.06149
4.22597
4.2159
4.96606
3.78596
4.71671
5.16163
4.48667
4.03059
4.96778
4.41896
3.74627
5.92274
5.32308
6.84144
5.13592
5.33212
4.03059
5.16163
4.33171
4.75834
5.06253
4.63188
4.49728
4.4917
4.66305
5.26649
5.27354
3.47413
5.44643
5.26579
3.82955
4.41254
5.72338
4.22681
4.83359
3.69727
4.58904
6.06213
2.91338
5.06789
3.61665
4.49458
3.12658
5.32989
4.33361
4.10203
6.34112
3.96862
3.64092
4.02564
4.39143
3.56821
4.81684
4.21293
5.07503
4.09821
3.65157
4.72217
5.81765
4.39143
3.93249
6.94233
3.48677
5.7311
5.38661
4.78913
3.47413
4.51363
3.69779
4.81254
6.24566
3.44367
3.69779
4.72758
3.57821
4.72758
3.60481
3.57821
5.24364
6.24566
3.57821
4.94718
6.43537
3.57821
4.67953
5.78798
3.56139
4.94094
4.55473
5.62291
4.65071
5.0531
4.41465
5.39066
6.34768
3.47756
4.51524
4.37717
4.54302
5.95677
5.42247
4.66055
5.15709
4.71848
3.94195
4.2492
5.4341
5.1014
6.2599
4.09
4.62918
4.94911
4.59584
3.40884
5.0468
5.43367
4.8327
4.36432
3.44756
4.94292
4.71372
5.63564
5.51086
5.51086
3.63818
5.83644
6.20885
4.77952
5.32815
3.11478
6.3515
4.85886
5.73569
6.76782
5.06789
5.91984
5.67013
6.31149
6.70968
4.29233
3.69551
5.59984
4.47786
4.4891
4.96741
3.20979
4.9598
5.33454
5.41624
3.76021
5.05988
6.8203
5.48736
3.61055
5.05688
4.31128
5.05566
5.13314
4.62295
3.39358
2.96938
3.79475
3.39131
5.62845
4.0032
4.819
6.01948
5.86985
5.58562
4.49458
3.86286
5.05988
4.48791
4.69055
4.10811
3.62845
4.96468
3.59065
4.76345
4.99534
4.41446
5.3176
6.15378
3.17734
4.24166
4.23312
4.37322
3.99058
5.02244
3.9086
3.76658
4.87005
4.98335
4.27659
5.119
5.16388
3.96598
5.32772
4.49736
4.93098
5.09803
4.67792
3.09637
5.3227
3.75634
3.60665
4.90887
3.3599
4.17208
5.60218
5.119
4.57086
3.22551
5.3204
5.30342
5.00139
3.64989
3.68189
5.01497
4.91153
4.319
4.99777
4.52122
4.23183
4.73415
4.52948
3.49973
4.95557
3.47244
5.57793
3.88013
4.53966
4.27641
4.25618
4.36647
4.36738
4.72299
3.03834
5.43419
3.52555
4.11007
3.62213
3.91692
3.67853
3.19781
3.93846
5.12067
5.14272
5.98308
3.26207
3.2072
3.12253
6.20507
3.82972
5.50735
4.17409
5.16594
4.79559
4.62869
3.19911
4.77765
3.89177
4.44873
4.55475
3.28578
5.04343
4.34873
4.89481
4.27188
4.49364
5.06465
4.31239
4.57176
5.45544
4.61741
4.95414
4.9194
4.98973
4.69273
4.8545
5.56509
4.61615
5.01186
4.33749
4.69273
4.23052
4.88071
3.62881
4.09352
3.66326
5.43186
4.99853
4.82299
4.15432
3.86435
5.04642
4.15853
4.99581
3.61665
3.88015
3.37746
2.72474
4.63003
4.63655
3.49669
2.98966
4.06075
3.29485
3.98244
3.44115
4.41219
3.97736
3.98244
3.77293
4.075
3.95357
3.90567
3.31666
3.64404
3.09611
4.35093
4.63003
3.4855
3.85517
2.69857
4.50889
2.86214
4.14476
3.00692
5.8874
4.37072
5.39582
4.90062
4.89511
4.82512
5.59466
3.27543
5.72038
5.41496
5.29448
5.60272
3.29485
5.2191
5.05073
3.85517
5.18073
3.64404
5.36527
4.09993
5.57035
3.98799
5.43098
3.35118
3.88015
5.83787
4.09289
5.17087
3.44115
4.34187
4.26186
3.69727
3.3649
3.52662
4.02136
3.44756
3.24616
3.83008
4.73863
5.83906
3.80344
4.6384
5.16409
4.52061
4.48012
3.36686
4.06481
3.06018
3.50255
3.13676
3.14928
4.06481
5.28494
5.57761
4.14679
3.82784
3.13676
5.5873
4.06481
4.06481
3.13676
3.66227
3.48809
4.04277
4.64267
2.50977
4.14679
3.23333
5.07131
5.70034
5.33514
5.37581
4.59387
3.60038
4.94481
5.33774
4.94064
4.08518
3.50491
4.32849
4.23745
2.98164
3.74935
4.22033
3.88352
4.62811
3.55835
3.99047
5.31524
3.85182
3.92903
4.57331
4.32849
3.49272
3.39551
3.71835
3.4627
2.43228
3.49272
3.73714
4.06381
4.32
3.21394
3.01964
5.42224
4.20361
5.27698
3.70092
3.37117
3.70092
3.70092
3.9302
4.46085
4.18738
4.40725
4.56467
4.27852
4.55093
4.60123
5.42675
3.69482
3.16711
5.71615
5.02616
4.44558
3.55688
4.66037
4.02866
2.86807
4.32
6.85649
4.48069
5.04379
4.60123
4.2221
5.24218
4.22217
3.38648
4.83171
2.53567
3.94044
4.47283
5.25547
4.22885
5.58867
4.37808
3.5524
2.91532
4.65398
3.74083
4.88018
4.37808
4.73461
4.3687
3.58112
5.21946
5.22218
4.64837
4.63768
4.44894
5.08682
5.00347
4.59387
4.00061
4.23013
4.47985
3.89013
4.1993
4.82299
6.63409
4.07979
6.34934
2.92071
5.29906
4.12061
4.00678
3.58906
4.01767
4.43946
5.05924
5.41221
5.85444
4.18266
3.23681
3.4276
4.71901
3.44571
2.74449
5.50599
3.03302
2.96517
4.98261
2.79568
4.60942
3.87777
3.81132
4.60062
4.6227
5.46858
4.77138
3.52094
4.06985
3.77489
3.69717
3.35867
5.19765
3.6313
4.06415
3.32872
3.91784
3.24143
4.68125
4.63728
4.93244
4.32539
5.56935
4.45359
4.80373
3.64686
4.58945
5.21713
6.08414
5.52787
5.66705
3.36686
5.6653
5.99283
4.60106
4.68311
3.78926
4.49938
3.12204
3.91784
4.03381
3.8414
4.36487
4.74193
4.59957
4.77233
4.65353
3.51705
4.18742
4.55511
4.7091
3.4052
3.94537
4.85865
5.85419
4.3787
5.078
2.80532
3.47413
4.17481
3.29361
6.09655
4.28829
3.62881
6.09521
3.29361
6.19074
4.70046
2.91532
5.07907
4.09533
4.0378
4.72276
5.25295
5.26859
4.5809
5.68817
4.37038
4.10638
5.58035
4.23744
2.90441
3.77398
3.53624
4.45606
5.1625
4.39543
4.40517
4.85146
4.63342
5.06684
4.14617
3.09871
4.50312
5.35707
5.34912
5.28199
4.71166
4.04677
3.34227
5.23931
4.56429
4.85877
4.85877
4.90003
3.81813
5.42729
4.3805
4.23321
3.48002
4.23321
4.39414
4.56724
4.56764
4.89332
3.66866
3.77
5.64112
4.58513
3.30208
3.24616
3.56152
3.07103
4.33295
5.28467
3.87348
2.95449
3.85552
3.50491
5.62664
2.8693
4.7427
4.46438
4.94715
4.0959
4.34496
4.46438
4.69205
4.71409
3.93598
4.24094
4.98456
5.19687
5.07819
5.19687
5.12804
5.44977
6.58294
4.13737
4.97343
4.69922
3.90511
3.67667
4.1431
4.3241
4.24419
4.8345
3.40153
4.6854
4.9725
4.14578
4.0539
3.70705
3.36699
3.9932
4.3387
4.3387
4.3387
4.3387
4.3387
4.92358
4.3387
4.3387
4.3387
4.27465
3.16208
4.3387
4.3387
4.96512
4.87475
4.3387
4.3387
4.92866
4.60467
4.07324
5.65842
4.3387
4.58872
3.99827
3.86563
4.34391
3.98011
5.10794
5.55905
5.00864
5.59703
5.59703
5.55905
5.44593
5.67361
5.10794
5.63564
5.67361
5.89705
5.55393
4.18342
2.96938
3.91266
3.28332
3.60107
6.49214
3.54474
3.37202
3.64742
3.24616
4.96399
5.53189
4.36851
6.60272
2.94837
2.9558
4.97521
3.31167
4.06945
3.91533
4.64516
4.83344
5.14389
5.14389
4.27544
4.65681
4.0466
5.14389
3.41961
5.0863
3.86646
4.71901
3.97002
4.03986
3.98474
3.98474
4.27544
4.06279
4.71033
4.27544
4.27544
3.98474
3.64304
3.98474
3.86646
3.43433
4.27544
4.20188
5.87956
4.82996
4.35055
4.45404
3.12546
4.24484
4.57184
3.77228
3.6974
3.39099
3.81507
2.64614
3.56399
3.80981
5.35103
4.28803
3.57821
4.65382
4.92727
5.12397
4.6399
5.40346
3.7007
3.41684
2.99339
5.41468
3.56399
4.0121
4.10341
3.48891
3.96271
4.18057
4.50727
3.90411
3.19821
4.23929
3.00334
4.99589
5.61453
3.77228
4.15712
4.00824
3.69988
3.48675
4.77811
5.60122
5.14389
2.72515
4.50699
2.33335
4.0378
4.91989
4.30446
2.87822
3.07759
3.50521
5.19258
3.5077
3.72066
3.31167
4.80216
5.02021
4.6737
4.83286
3.16662
4.08491
5.35623
2.90441
5.75644
4.28186
5.64443
4.34175
4.22788
3.53995
3.05489
4.81709
3.31167
3.19303
5.24365
3.4686
2.7874
5.0074
3.49596
5.60868
5.3943
2.76476
5.66443
3.34926
2.64814
4.41286
5.67722
3.35208
4.22302
4.95753
3.56852
3.10289
4.33484
3.96678
4.5817
5.26091
4.7568
4.92549
3.54759
4.26195
2.94588
3.89166
2.95575
3.43475
4.99845
3.72494
2.93544
3.92987
4.96005
4.49776
3.38718
3.42863
3.59802
4.30446
3.87125
3.79445
3.23681
4.31381
4.67025
3.58091
4.18004
3.3341
3.46176
3.64116
3.08178
3.86371
4.125
3.42125
4.09162
3.89442
3.77465
3.39211
3.42125
4.33704
4.22566
5.70845
3.08165
3.52804
3.96584
3.81667
3.65265
4.10314
3.3866
4.22856
5.0853
3.90692
5.08642
3.39131
3.40045
4.02213
3.32613
5.79605
4.73471
3.85552
3.91547
4.24103
4.55485
4.07564
5.84627
4.71628
4.93044
4.86982
3.82388
5.45149
5.28467
4.5463
4.43661
4.04876
3.80893
4.11458
3.80567
5.025
4.66803
4.61359
4.42292
4.92607
5.00347
3.36851
4.15853
3.31718
3.59234
8.13529
4.81685
5.43999
6.49644
4.1179
3.54569
4.65944
4.01077
3.76418
6.54669
5.59813
6.18858
3.73722
7.35292
3.36069
6.30899
3.57011
3.57833
5.17026
6.13685
3.9701
3.76418
5.51612
4.06827
5.99608
3.74623
6.29408
4.83705
3.62889
6.13685
7.23993
3.57011
3.67289
5.35868
4.58352
6.42623
5.19831
3.44792
3.77492
4.25657
3.47699
4.0319
3.50292
6.4746
3.63904
3.44792
3.78549
4.65944
4.72459
4.41429
4.65553
7.03278
4.88909
3.7082
6.01813
4.01077
4.49557
4.69841
5.577
4.26392
5.5766
3.01847
3.44192
3.90533
3.82296
5.81677
3.38426
4.02171
3.72762
5.80796
5.99752
7.2082
5.29886
5.18122
3.68721
1.89126
5.63221
6.95961
3.54645
5.66207
7.412
4.9697
3.08214
6.48158
5.92473
5.76184
4.88639
3.97325
6.8617
6.24432
3.44192
3.25709
3.58448
2.83802
3.92821
4.07555
4.89918
4.82446
4.23204
3.75877
3.12885
5.56537
5.45109
4.18085
8.13368
4.97899
5.03926
6.73122
3.4197
3.74884
6.73258
5.00365
3.75127
6.25705
4.5805
4.69482
6.88073
3.26559
3.40914
3.51251
3.98578
2.81043
5.85171
3.46506
5.05437
5.45924
5.94753
3.8499
4.66263
3.65894
3.57833
3.29837
5.76184
3.93858
3.41701
3.97795
3.55071
7.67902
2.85126
3.33616
4.74084
3.53608
3.72102
6.6904
3.8966
4.05889
3.73267
3.2065
3.97612
3.98731
4.74537
4.08638
4.66538
4.40342
4.75276
3.26103
6.08432
4.00871
4.37974
7.41824
3.97546
3.198
3.71126
6.09426
4.40747
3.93151
3.55374
4.69182
5.40039
6.11802
5.6957
3.47044
3.9495
4.20629
3.9637
4.36621
5.44969
5.36505
4.65944
4.39436
4.92563
4.53062
3.72546
4.37949
3.86561
6.59676
4.09813
6.2049
4.53455
4.63337
3.50498
3.46104
3.58448
3.74147
3.7841
3.75743
5.60349
3.52185
3.12692
2.77652
4.3793
3.52185
3.52185
3.52185
6.26817
3.0319
3.12692
3.52185
5.85171
3.52185
3.52185
3.52185
3.52185
3.52185
3.0319
3.12692
3.52185
3.52185
3.52185
3.52185
4.29365
3.52185
3.52185
3.52185
3.35511
3.52185
3.12692
3.77052
3.52185
3.52185
3.52185
3.52185
3.52185
3.52185
3.52185
3.52185
3.52185
3.52185
3.52185
3.52185
3.52185
3.52185
3.52185
3.52185
3.52185
3.52185
3.52185
3.0319
3.08214
3.70743
4.33821
3.31204
4.36873
3.48499
3.06818
2.74816
3.16779
4.13726
4.83252
3.77061
3.72102
3.58409
3.38215
3.16779
7.0814
3.08214
3.63904
3.16779
5.97938
3.98731
3.3284
3.53567
3.90533
3.30512
3.52856
3.57833
2.84148
3.33985
3.00866
4.37667
3.00866
2.84148
4.4553
3.63342
3.65394
3.31204
3.3704
5.63305
3.31204
3.63904
3.28668
3.63904
2.86092
3.63904
4.03877
3.02811
3.31204
3.63904
5.96541
4.32834
5.78441
3.29767
4.16425
3.53783
3.22386
3.67913
3.57485
3.09642
3.42427
5.21501
3.4338
4.68525
3.63904
3.77492
3.39111
3.43709
3.31204
2.86092
3.31204
2.87995
3.63904
3.72102
2.86092
4.06647
6.71236
3.83716
5.12824
3.83326
5.53163
3.72102
4.4009
3.78331
3.82426
4.53705
3.66004
4.52057
3.68541
3.50774
3.59142
3.67334
3.52696
4.54801
4.13117
4.02447
4.10105
4.13486
3.65499
4.11719
4.51388
3.27057
4.45126
3.98086
3.62087
4.32482
3.96222
4.1171
4.23354
4.27975
4.43813
4.23121
5.04339
4.40403
3.74884
5.22396
5.62861
3.14772
5.59283
4.44719
3.74884
4.74136
2.74788
5.98901
5.98901
6.26057
5.98901
3.04475
5.98901
4.47505
3.25598
4.85276
4.44496
2.86679
4.4952
5.70767
4.44496
5.717
5.717
5.22448
5.98901
5.70767
4.44496
5.94658
5.98901
3.54207
4.84925
3.86351
4.28982
3.44192
4.23499
3.76277
4.60294
3.72212
3.87902
5.15761
4.98528
6.14091
3.00268
5.0248
6.67256
5.48077
3.76238
3.35969
5.717
6.56748
4.28746
3.70363
3.6356
4.01077
5.39011
5.717
6.86136
6.86136
5.89833
3.19251
5.69182
6.17788
3.62087
2.84748
2.84748
3.456
2.84748
3.70758
3.70758
4.17726
4.90374
3.22674
4.17726
4.17726
2.95414
4.94137
4.45378
5.67841
2.95414
6.00647
6.03802
2.87846
3.8499
3.98578
2.99543
3.50156
3.66685
2.79674
2.95414
5.19831
3.89375
4.19436
3.50498
5.07359
4.31735
3.01075
3.46104
2.18347
3.74147
3.28366
3.86561
4.34739
2.70687
5.22448
4.28028
3.09339
3.4518
3.36021
2.98718
4.17534
3.86079
3.29439
3.4518
3.86079
5.67707
3.36021
2.47697
5.51583
3.36021
5.38233
3.70338
3.29439
3.4518
3.4518
3.29439
5.15337
3.29745
3.38361
4.0755
3.50156
3.49262
2.93262
2.4664
3.4649
2.93207
2.13391
1.80396
3.24785
3.32514
2.13391
4.38093
2.91071
3.24468
3.02908
4.47572
3.39314
2.86256
3.1627
2.60382
3.1627
6.75843
5.26175
4.079
3.9545
3.4053
5.1646
3.99312
3.78241
3.86517
2.95666
5.98241
4.31772
3.3355
3.97242
3.16902
3.17792
4.05713
5.82366
3.51524
3.51374
4.25714
2.8357
4.16164
3.99277
4.12342
3.60664
2.54367
3.38635
4.94095
3.46428
4.54469
3.40207
4.78127
3.67203
1.86694
5.64434
6.40651
3.25252
3.25174
6.286
4.15053
3.40207
3.66608
3.66608
5.91291
5.37529
3.13025
3.45918
3.28366
2.91713
2.79849
3.07765
2.69302
5.75656
4.51135
4.37842
2.79343
4.08667
3.86517
3.86517
4.56838
4.53794
2.84129
2.85295
3.86517
4.28415
3.23574
4.53794
4.77031
4.08683
4.70542
5.33462
4.17449
3.82303
6.24501
5.82426
5.79091
3.9944
7.10428
3.86026
3.44581
4.34565
4.08668
4.90935
5.62109
6.8008
3.79505
4.73875
6.73443
4.54038
3.42165
5.63281
4.87972
6.46248
5.3604
3.92996
3.75127
4.77726
5.20643
6.07512
6.72013
3.31367
6.15523
3.24063
4.82474
4.97118
2.70836
4.10371
4.4275
3.93339
5.57311
2.78494
5.42529
5.38339
2.85592
4.4275
4.11719
4.5196
3.28745
5.61502
5.28786
4.70784
3.68052
6.30646
3.76828
4.34238
4.9247
4.63655
4.03428
4.5693
3.01115
2.37653
2.53353
3.93644
5.85633
4.8859
4.3609
4.23003
5.65369
3.84086
5.7594
4.28315
4.88306
3.98108
3.83326
4.37299
3.91628
3.45918
3.37867
3.45918
3.28748
3.27878
3.54116
2.96772
3.13218
3.38361
3.45918
2.85973
2.98166
2.74816
3.85495
6.12088
3.59506
2.87367
3.63904
4.88424
4.18019
2.5274
2.62019
2.64604
2.29686
2.79674
4.16416
3.57833
3.98731
3.57833
3.57833
3.57833
3.57833
3.57833
3.82296
3.82296
3.57833
3.57833
3.25709
3.82296
3.57833
4.44197
3.5082
4.38187
3.0997
3.84998
3.7181
5.96014
3.22958
3.71569
3.7319
4.15249
3.50774
3.98101
4.15249
3.97715
2.88467
3.41955
3.74666
3.40992
5.50115
4.72472
4.21968
4.08867
3.95723
3.17066
4.5241
4.95977
3.95723
3.11663
5.60423
2.56031
2.76639
4.10381
2.51371
2.43095
3.50576
3.67346
3.33625
3.28366
5.4883
3.7926
3.72102
5.35475
5.3579
3.48019
3.29387
2.79674
2.79674
2.85204
3.64414
3.72802
4.63914
2.32066
2.32066
4.13464
3.63043
4.58352
2.47405
3.32012
3.32012
2.32066
4.15168
2.42043
2.32066
3.55356
6.06719
3.59755
2.32066
2.32066
2.32066
3.27325
3.32012
3.70157
3.38032
3.57833
2.32066
3.777
2.32066
3.93666
3.777
3.75127
4.90475
4.16872
3.98796
3.95924
4.18268
5.78652
4.13439
3.73315
5.41973
5.19611
3.80246
3.47988
6.29928
5.85484
3.62039
4.10102
5.97234
5.97234
2.95977
2.64192
4.8636
5.51522
2.74907
6.37286
4.43265
5.0727
4.54569
4.76337
5.29164
5.71782
4.42068
3.35402
2.26043
2.0099
3.67596
5.44403
5.41973
3.81909
5.91062
3.1898
5.68692
2.55867
3.89806
5.19611
5.78524
5.42955
5.64545
4.68253
6.29245
2.85285
4.305
7.00205
7.61037
3.61323
4.65944
4.6182
3.84096
4.12742
5.16198
3.5619
5.06644
4.96668
5.16198
4.96668
5.29887
4.86974
5.16198
5.16198
5.16198
5.06644
4.96951
5.06644
4.96668
5.06644
4.96668
5.09616
4.86974
3.39852
4.80392
5.29887
4.96668
5.16198
4.86974
4.81525
5.13763
4.86974
5.16198
4.45955
4.96668
4.80392
5.16198
5.16198
4.90086
4.58253
5.23345
4.96668
4.45955
5.16198
4.86974
4.61595
4.81525
5.09616
4.80475
4.86974
3.32008
4.96668
4.86974
4.74943
4.96668
5.10382
5.16198
5.16198
4.80392
4.94473
4.86974
5.09616
5.15547
4.96668
4.24839
4.86974
2.79674
3.98732
6.6437
3.12721
3.55484
3.12721
3.29439
2.75047
3.45421
2.83802
3.51374
3.12721
4.04441
3.85691
3.29439
3.38635
6.04215
3.53204
3.48971
3.63672
4.01501
4.64654
3.44981
4.03764
2.81709
3.63672
3.62824
3.50084
3.62824
2.95666
3.44792
3.44792
2.85811
3.50084
2.97736
3.87905
5.55804
4.73386
3.88674
3.65859
4.31722
4.36644
5.43421
4.9173
3.98928
3.86096
2.51429
3.6398
4.97966
4.36229
6.20239
4.27594
3.08551
3.35546
6.56484
3.39615
3.13519
4.74181
3.08026
5.1442
3.12711
3.38215
3.44792
5.76462
3.36565
3.60792
2.47223
3.65401
2.99986
6.09159
3.35141
4.74354
4.64825
2.90651
4.90622
3.0319
4.96071
4.28379
4.81069
3.52185
4.90622
4.71092
4.28379
4.28379
3.66088
3.3589
3.52185
3.4513
4.28379
4.31837
5.62822
4.28379
4.28379
4.28379
4.28379
3.7082
3.0319
5.63193
4.97671
5.88173
5.21922
7.73225
3.98612
4.08392
4.33067
5.22963
4.11486
4.82854
6.02722
7.07254
3.32608
4.10959
4.29974
3.51656
5.92376
5.024
5.65799
7.66943
3.98713
6.4765
4.6069
3.75496
6.31219
3.02458
3.91942
3.9588
3.34431
5.733
4.65817
3.77006
4.47652
5.81875
4.77768
5.56371
3.7439
4.90174
5.67226
3.66218
5.19377
4.03509
4.39799
7.01687
4.39295
3.69598
3.18597
4.29971
6.66473
5.88597
3.71332
4.88921
7.47048
4.34064
2.84741
5.13327
4.89429
3.79205
4.55998
5.66816
4.59338
4.72865
5.25167
6.57247
4.15579
7.45437
3.98853
4.88921
5.34034
3.80657
3.32608
5.32545
6.60067
3.50524
4.68114
5.24163
6.92761
4.338
4.07936
4.02369
3.70219
7.25412
4.04892
4.37862
4.48133
3.96178
4.88921
5.93259
3.7439
4.21881
6.54073
4.39728
5.4526
4.56306
4.78952
3.31907
3.87838
3.56194
3.85311
3.58398
3.63502
3.92621
3.74666
5.15975
5.32037
4.12749
5.97022
3.28058
4.72745
4.8594
4.12761
4.10336
2.94783
4.58269
3.7439
3.92621
3.63502
4.20251
3.62392
4.09483
6.69034
4.2588
3.99345
5.25218
3.91942
3.6765
3.92621
4.23906
5.39103
4.68114
3.92621
4.11022
3.92621
4.09341
5.38311
5.48067
3.90417
4.52262
5.00258
3.9951
5.08757
3.05869
4.8118
3.7439
3.58398
3.92621
5.23591
4.22895
2.32491
4.50852
4.74812
3.73747
4.87983
4.04632
4.03559
4.2849
4.43713
4.03001
3.66265
3.66931
4.03536
4.71122
5.74867
3.65313
3.34508
4.13993
3.37466
3.64728
5.27027
3.60517
5.35286
5.31282
4.50995
3.99352
3.81054
3.2001
3.90417
4.89132
5.13299
3.56194
4.59501
4.98465
5.39782
3.58208
4.24602
3.16659
4.42581
3.98382
4.10061
4.11705
3.7084
3.94004
3.49086
3.99733
3.04231
3.04231
3.99671
3.83736
3.69598
5.25442
3.73852
3.4148
4.39621
5.11987
3.48809
3.5871
3.02027
3.6543
3.72811
3.52046
3.74231
4.52298
3.54265
3.64338
3.72811
4.68646
3.56558
4.777
3.77001
3.56558
6.31661
4.20251
3.56558
5.44561
3.82861
3.46664
3.50524
3.55753
4.48732
3.37162
4.62978
3.77174
4.31967
4.13049
3.56558
4.63544
3.64059
3.83699
4.4819
5.63256
2.7032
6.61242
3.8544
5.55223
5.80529
5.82292
5.72093
5.43598
4.36476
3.7439
3.66218
5.37847
5.48407
4.00777
6.95933
5.98587
5.2086
3.72854
5.10858
3.94278
4.61477
3.91039
5.05624
3.91942
3.79205
3.62606
3.63502
4.03001
3.33248
5.00258
6.78577
4.03001
5.13602
4.27972
3.75391
3.51609
3.83732
4.20251
4.72097
4.03001
3.73187
3.29684
3.5042
4.56397
3.75391
3.63824
4.89698
3.98853
3.50203
3.59676
6.53892
3.5042
6.55257
5.26911
3.46272
4.49406
4.11944
3.5042
4.5832
4.49563
5.01463
4.35872
3.5042
3.71325
5.22174
3.50524
4.91028
3.63502
4.29778
3.83732
3.7439
3.92242
3.79205
5.45001
5.06363
4.63192
3.79177
5.59221
4.97555
5.38153
4.87894
4.10938
4.73521
3.81476
4.58168
4.58569
4.27972
3.6765
4.20251
4.8229
5.46831
6.17617
6.09709
3.52046
6.09304
4.00787
3.57114
3.83711
4.01342
4.63558
3.92621
3.6765
3.63502
3.68987
3.82861
3.5042
4.23882
4.22668
3.67446
4.03001
3.38308
4.64383
4.46986
4.62727
5.03772
3.97649
4.34747
3.00067
5.62721
3.80657
4.38204
4.97825
3.43258
3.73187
3.75391
3.63824
4.16405
4.02717
3.95198
3.4751
3.98853
3.63503
3.83842
4.8255
4.02722
4.16405
3.99443
3.36275
4.43502
4.12433
2.71732
3.88369
3.5042
3.5042
3.88369
3.65922
3.75391
5.07327
3.4751
3.92621
3.5042
3.56622
4.24317
4.18225
4.14628
4.48474
3.99161
3.87242
4.29864
4.17733
4.38683
4.2879
3.99345
4.34929
3.83699
4.08162
3.56318
4.4893
3.77001
5.61079
3.92621
3.83699
4.23174
4.13954
3.88555
3.83699
4.2879
3.6779
5.37232
3.83699
3.4836
3.83699
3.24033
4.25279
4.82569
4.53291
3.92621
4.43475
3.7439
4.24838
4.43475
5.75489
4.61198
3.92621
3.76881
4.23336
4.56685
5.91405
3.99866
4.08752
3.92621
3.95198
3.65313
4.71929
5.28756
3.7439
4.40219
3.91942
3.99486
3.88985
4.05548
4.14596
3.66931
4.03509
3.80897
3.78538
3.99443
3.75899
4.14104
2.5912
2.68107
3.8296
3.7439
4.81153
3.76881
5.52907
5.88708
4.94211
4.94211
2.97971
3.62007
5.28386
4.62916
4.17725
3.78902
4.94211
4.89052
3.10197
3.24033
3.50714
2.52768
4.09561
4.76665
4.63949
3.85339
3.96039
3.24683
3.75899
3.78902
3.73695
5.75776
3.99345
3.96039
4.41605
4.44856
3.46376
4.09802
3.74988
3.46272
3.77481
4.08763
3.87125
3.96538
3.76459
4.35495
3.8078
3.95198
6.4136
4.95581
6.76949
5.30732
6.88022
4.04637
6.54461
3.79414
3.56194
4.26956
5.28674
3.78538
4.04934
3.88265
3.90469
3.90469
4.03509
4.40787
4.33644
4.04471
4.12219
4.03667
3.64621
4.77124
4.00324
4.07304
5.04048
4.33644
5.44983
4.96993
3.32863
4.4037
4.24317
4.21092
4.20247
4.40692
5.62456
3.39006
4.65664
4.37014
4.81566
4.0782
3.88391
2.42271
4.56689
3.84168
3.92884
4.83344
3.66422
3.52265
3.72011
4.12749
3.64002
3.75899
3.92073
3.66312
3.44939
4.68725
4.13891
4.38538
4.30832
3.80047
4.72417
3.64549
4.7654
4.28913
4.56289
4.39049
4.16405
5.01585
3.96039
4.25812
3.46664
5.3801
3.95198
4.27392
4.37086
4.10552
3.66422
3.7084
3.80047
4.28689
5.30856
3.96039
3.78678
3.91942
4.60772
4.49773
4.22668
4.03509
3.7659
3.7439
4.68162
3.7439
3.76544
3.77099
4.60507
5.75614
4.32888
4.08428
3.78678
3.41959
3.31691
3.76509
4.24331
3.78538
3.23014
3.20036
2.75765
4.27291
3.58216
3.97874
5.09012
3.71476
4.4474
4.25759
4.27819
3.91431
4.4474
3.93635
3.91431
3.65497
3.8474
3.98853
3.90469
3.93956
3.50127
3.25809
2.17381
2.75633
3.90469
3.82861
3.41241
3.90469
3.4876
2.80096
3.98853
5.67478
4.68008
5.39697
4.95979
4.78508
4.25827
5.61353
4.28612
3.61966
3.98853
3.8474
4.16705
2.75112
3.26099
3.3658
3.34947
5.58015
3.9208
3.91942
5.6416
5.00341
3.78538
5.15841
3.56194
5.84405
4.24317
4.47233
3.65655
4.672
4.04031
3.99868
3.40934
4.38081
3.72847
3.91942
3.69598
4.13276
3.7681
3.69991
3.31907
5.02927
3.88231
4.45631
3.36054
3.78994
3.82861
3.56194
4.39856
3.8916
3.4101
3.36275
3.38729
3.47761
4.13891
4.13891
5.54755
3.96039
2.50924
3.86346
2.90936
4.34349
3.24628
3.86346
3.96039
3.79595
3.33336
3.56194
3.96039
3.78538
3.48867
4.67126
3.46282
3.96039
3.37811
4.13891
3.30548
5.18209
3.86346
5.39293
3.96039
4.95264
3.47761
3.88952
4.049
3.82861
2.79259
4.21872
5.53596
4.75168
4.21872
3.43251
4.02414
5.06201
3.75899
4.23974
3.69798
3.73695
3.63697
2.79623
3.73695
4.27262
5.00486
3.80493
3.463
4.48112
4.27972
4.13891
3.80047
4.16405
3.96039
3.6135
5.11715
5.49954
5.13685
4.19175
4.73838
5.46175
3.95388
4.03654
3.69873
4.48704
5.73217
4.20689
4.73953
3.14345
4.23873
3.33831
3.63424
3.94
4.33861
3.55652
4.59542
2.84849
4.45276
4.45276
3.7439
4.45579
4.46721
5.428
4.34174
4.73378
4.79021
3.90131
4.76493
3.76458
3.96432
4.54649
3.74666
3.42099
4.51278
3.11006
3.7143
3.6296
4.47361
5.24923
4.45931
4.03509
4.42556
3.71476
3.65497
3.94654
4.20422
3.6809
4.37155
5.09337
4.02722
5.13485
3.46376
3.56558
4.32824
3.22189
3.98748
4.51868
3.69756
6.21641
4.44675
3.58553
3.73695
5.05873
4.18741
4.12749
3.54108
4.59472
4.25689
3.90405
3.73695
3.78714
4.16405
3.54848
4.60507
3.26037
3.04231
3.26037
4.1781
3.1343
3.21819
3.52046
3.02284
3.91624
4.23906
5.61353
3.78714
4.03375
2.57792
4.07831
2.35024
2.86719
3.22305
3.10045
2.57792
4.45823
2.57792
3.41959
3.57689
4.7446
2.57792
3.35345
3.25452
3.25452
3.44649
2.57792
2.57792
2.57792
3.57689
2.57792
4.33145
3.25452
2.57792
2.57792
3.12412
2.76826
2.57792
2.35024
2.57792
3.90387
2.57792
3.43888
4.93312
3.75047
4.97267
3.65731
4.39647
3.88389
4.00189
3.64483
6.04423
5.92623
3.96039
3.66931
6.21848
4.38764
3.91942
3.10122
4.37423
2.81502
2.62072
4.4893
3.9931
3.92344
4.23044
5.46404
4.03447
4.21092
4.57126
4.20251
4.07594
3.75899
3.76881
3.39405
4.89401
3.7138
4.50958
3.94496
4.36396
3.45011
4.23408
4.02698
3.39405
5.27325
2.79927
3.76881
4.12749
4.72786
3.53556
3.77301
3.76881
4.33146
4.47153
4.34208
4.47916
3.96039
4.03001
3.75899
3.31769
3.94199
4.32872
3.75899
4.21872
3.96039
4.05327
4.03001
4.19929
4.83134
3.96039
5.55694
3.33019
4.03001
4.66387
4.92126
5.03775
3.67949
5.02559
3.69598
4.70386
4.05228
4.09128
4.22668
4.61113
3.55283
4.75119
4.14888
3.42835
3.67334
3.19385
3.90521
4.46506
3.68177
4.02655
4.14888
4.69797
4.45709
4.27972
4.12749
4.03509
4.75373
4.52855
5.46404
5.19833
3.60599
4.32146
4.27179
3.37162
4.32146
4.23906
4.09802
4.09802
4.53212
4.63156
5.03636
5.09051
3.81688
4.06464
4.10643
3.85604
4.27392
3.85604
4.17014
4.94441
3.59345
4.01973
4.94818
3.8871
5.84061
6.6932
3.89382
5.181
6.56131
6.56131
4.17338
3.3179
4.66943
3.07556
3.79978
4.99146
4.17338
6.49364
3.94606
4.46255
4.04739
3.04118
3.80488
5.18007
4.37434
4.72988
5.54516
3.86956
4.37434
3.87183
3.58882
5.27561
3.93197
3.81925
5.4449
5.03779
5.05597
4.07104
4.01204
3.18646
5.05493
5.32084
5.07021
4.00023
3.89083
3.99488
4.15245
3.94934
4.31512
4.08025
6.53385
5.43981
4.13584
3.88964
4.2764
5.07564
5.81166
4.12106
4.11608
3.95761
4.45259
4.93941
4.59463
4.906
5.38052
3.3179
3.52386
3.63408
4.10108
2.46824
3.41483
4.21863
3.92838
3.09524
3.98189
3.79978
4.15759
5.25173
5.58051
4.36757
4.16783
5.03368
3.50719
4.35969
4.58481
4.49613
3.98517
4.13611
3.66944
4.21863
3.87544
3.51815
3.41955
3.73492
4.94611
5.7045
5.3506
8.10338
3.95849
3.9499
4.176
4.2355
5.36033
3.68369
5.40899
3.62349
3.56288
2.89137
3.77995
4.4439
5.69859
4.85116
3.85988
3.42851
4.33337
5.91476
5.23946
4.07902
3.89372
4.67464
4.73916
4.47253
4.12114
3.29995
3.66778
5.3956
3.46102
4.47196
5.11052
3.94508
4.59806
4.86202
3.45201
5.94838
3.95652
3.44727
4.73013
3.83461
3.91037
4.87087
4.16199
5.48294
4.13746
3.79744
6.29857
3.15236
3.98517
3.98424
3.44727
3.03275
2.99239
3.4141
3.61368
4.00951
3.12828
3.09524
3.47517
6.4042
2.97718
4.19794
3.28701
2.82999
5.05139
4.40553
3.61368
3.01865
3.46102
4.61847
3.46102
3.46102
4.71401
3.36223
2.91986
3.51815
3.4141
4.57879
3.4141
3.90843
4.06921
3.9222
5.26401
3.80671
4.01057
4.46724
3.46428
3.78062
4.50887
3.88964
4.56014
3.92742
3.45884
3.17615
3.63853
3.29268
3.45884
3.45884
3.44316
3.45884
3.45884
3.50576
3.45884
3.45884
3.50576
4.56604
3.45884
3.93205
3.50576
4.47299
3.45884
3.50576
3.45884
3.45884
3.50576
3.50576
3.50576
4.03119
3.45884
3.50576
4.31006
4.15566
3.45884
3.50576
3.50576
3.45884
3.93438
4.14356
3.67938
3.38437
4.52244
3.9752
3.46428
4.66832
3.60017
3.46428
3.60017
3.53974
4.64016
3.60017
3.46428
3.60017
3.46428
3.50576
3.60017
3.64164
3.60017
3.46428
3.60017
3.60017
3.79978
3.50576
3.46428
3.46428
3.64164
3.46428
3.60017
3.65841
3.46428
3.46428
3.64164
4.01668
3.59234
3.50576
3.46428
3.60017
3.46428
3.60017
3.50576
3.60017
3.64164
3.46428
3.46428
3.60017
3.79119
3.65841
3.46428
3.60017
3.50576
3.50576
3.46428
3.64164
3.46428
3.43399
3.60017
3.60017
3.60017
3.60017
3.60017
3.60017
3.50576
4.01668
3.60017
3.60017
3.60017
4.06697
3.46428
3.64164
5.19874
5.14016
2.95712
4.98613
4.21899
4.25317
4.45999
5.54459
4.46033
5.18783
3.52386
3.44727
4.32769
4.81037
4.07635
5.05628
4.92259
2.88266
6.00284
3.49201
2.88832
3.82142
5.3724
3.44727
4.45272
3.88964
3.47838
2.99239
2.90253
3.55299
2.91565
2.91565
4.23874
3.00789
2.89686
3.24789
2.82075
3.3853
2.807
3.95557
3.45346
3.45346
3.45346
3.45346
3.45346
3.45346
3.45346
2.89686
3.45346
3.45346
3.45346
3.45346
3.45346
3.45346
3.45346
3.45346
3.45346
3.45346
3.45346
3.45346
3.45346
3.45346
3.45346
3.45346
3.45346
3.45346
3.45346
3.45346
3.45346
3.45346
3.45346
3.45346
3.45346
3.45346
3.45346
3.45346
3.45346
3.45346
3.45346
3.52386
3.45346
3.45346
3.45346
3.45346
3.72145
3.4
3.76008
5.54868
3.83666
3.61456
3.72145
3.85561
3.85561
3.72145
2.78784
3.76008
3.4141
3.61456
3.65752
3.85561
3.85561
3.66148
3.73806
3.75608
3.61456
3.76008
3.9101
3.66148
3.76008
3.76008
3.76008
3.76008
2.99146
2.89686
2.99239
3.04688
2.72134
3.79978
4.13945
4.3305
4.42121
4.22939
4.02039
2.89686
4.39214
4.56718
3.88964
2.89686
3.4958
3.68369
3.78062
3.36223
3.61368
5.06925
3.50576
3.50576
3.50576
5.50079
3.45884
3.45884
3.45884
3.50576
3.45884
4.84109
3.45884
3.45884
3.45884
3.45884
3.45884
3.50576
3.45884
5.10253
4.92949
3.45884
5.66118
3.45884
3.45884
3.50576
3.50576
3.50576
5.06832
5.09857
3.50576
3.50576
3.50576
3.18123
3.50576
3.45884
5.54423
3.45884
5.44541
3.45884
3.45884
3.50576
3.45884
3.19693
3.45884
3.45884
3.50576
5.2919
3.50576
5.37994
3.50576
3.45884
3.81632
3.45884
3.45884
3.50576
3.45884
3.45884
5.3459
3.50576
6.1439
3.61985
3.45884
3.45884
3.45884
3.45884
3.45884
3.50576
3.81632
3.61929
3.50576
3.45884
3.50576
3.45884
3.45884
3.45884
3.45884
3.50576
3.45884
3.50576
3.45884
3.45884
3.45884
3.50576
3.45884
3.45884
3.45884
3.50576
3.45884
3.45884
3.45884
3.45884
3.45884
3.50576
3.45884
3.45884
3.45884
4.15459
3.45884
3.45884
3.45884
3.45884
3.50576
3.45884
3.45884
3.45884
3.45884
3.45884
3.50576
3.45884
3.45884
3.50576
3.45884
3.45884
3.45884
3.45884
3.45884
3.45884
3.50576
3.45884
3.50576
3.45884
3.45884
3.50576
3.45884
3.45884
3.50576
3.50576
3.45884
3.45884
3.45884
3.45884
3.45884
3.45884
3.45884
3.45884
3.45884
3.45884
3.45884
3.45884
3.45884
3.45884
3.45884
3.45884
3.50576
3.45884
3.45884
3.45884
3.45884
3.45884
3.45884
3.50576
3.45884
3.45884
3.50576
3.45884
3.45884
3.45884
3.50576
3.45884
3.45884
3.45884
3.45884
3.45884
3.50576
3.45884
3.50576
4.97724
3.50576
3.50576
3.45884
3.50576
3.50576
3.50576
3.45884
3.45884
3.45884
3.50576
5.30418
3.45884
3.50576
3.45884
3.45884
3.45884
3.50576
3.45884
3.45884
3.50576
3.45884
3.45884
3.45884
3.45884
3.45884
3.50576
3.45884
3.45884
3.45884
3.50576
3.45884
3.50576
3.45884
3.50576
3.50576
3.45884
3.45884
3.45884
3.45884
3.50576
3.45884
3.45884
3.45884
3.45884
3.45884
3.45884
3.45884
3.45884
3.50576
3.45884
3.45884
3.45884
3.45884
3.45884
4.24196
3.45884
3.45884
3.45884
3.45884
3.45884
3.50576
3.45884
3.45884
3.45884
3.45884
3.45884
3.45884
3.45884
3.50576
3.45884
3.45884
3.45884
3.45884
3.50576
3.45884
3.45884
3.50576
3.45884
3.45884
3.50576
3.45884
3.45884
3.45884
3.45884
3.45884
3.50576
3.50576
3.42954
3.45884
3.45884
3.50576
3.50576
3.45884
4.76865
3.45884
3.45884
3.45884
3.45884
3.45884
3.50576
3.45884
3.45884
3.45884
3.50576
3.50576
3.52952
4.02622
4.68407
4.62958
3.75596
3.94425
4.3256
3.50146
3.50576
3.50576
3.50576
3.50576
3.50576
3.50576
3.50576
3.45884
3.8612
4.61067
3.89464
3.53974
3.53974
3.05376
3.41483
3.24789
3.24789
3.86434
3.24789
3.24789
3.24789
3.24789
3.24789
3.24789
3.24789
5.03368
3.24789
3.45346
3.15236
3.24789
3.86434
5.03368
3.24789
3.24789
3.24789
3.41483
3.45346
3.24789
3.24789
3.45346
3.24789
3.45346
4.7755
3.24789
3.24789
3.45346
3.24789
3.24789
3.24789
3.24789
3.24789
3.24789
3.41322
3.24789
3.24789
4.61396
4.04705
3.81925
3.927
4.06365
3.62426
4.77026
4.27833
5.07259
4.29605
4.74562
3.05207
3.97597
4.36054
2.62089
3.59197
3.55987
3.4764
4.38109
3.88791
5.19349
3.54622
4.53361
3.42368
3.7583
3.80059
4.1366
3.67386
4.87529
3.4808
4.97553
3.55627
3.56921
4.34911
4.44523
3.9499
3.55627
6.06338
3.98517
5.4818
4.56649
4.57408
3.60067
2.89137
5.60994
4.20226
3.55907
4.36641
4.19846
3.96318
4.29022
3.61368
3.81925
3.36223
3.81925
3.78062
3.78062
3.72231
3.79052
3.77723
3.68369
3.78062
6.43445
3.78062
3.78062
3.78062
3.78062
3.36223
3.36223
3.98517
3.81925
3.78062
3.81925
3.79052
3.78062
3.36223
3.81925
3.78062
3.78062
3.68369
4.75698
3.51963
3.95093
4.23585
3.59502
3.51963
3.46515
3.51963
3.51963
4.00241
3.77108
4.82707
3.14382
3.45346
3.84583
3.71272
4.52244
2.89686
3.1233
4.67564
3.96466
3.46703
4.64641
5.33023
5.33023
4.58443
4.66961
3.1476
3.67528
3.83981
4.05099
5.24415
3.50071
3.61368
5.13844
3.78062
2.99239
3.88964
5.29366
5.42473
3.52381
3.31624
4.5557
3.04829
2.90657
3.69075
4.17897
3.53974
3.74654
5.4905
3.3724
3.06339
3.42161
3.06339
3.42161
3.06339
3.06339
3.06339
3.42161
3.21604
3.45957
3.88964
3.29263
3.06339
3.4982
2.975
3.06339
3.21604
3.42161
3.06339
2.89686
2.89686
5.54553
6.26792
3.96437
4.09179
3.88964
4.11608
3.51874
5.87096
3.59624
3.61368
3.46102
3.46102
2.95712
3.4141
3.30774
3.41955
3.7556
3.46102
3.96977
3.61719
4.0709
3.46367
2.89686
4.75307
3.40611
4.19362
4.6115
4.40712
4.5144
3.3179
4.41887
3.98442
2.89686
4.14566
4.55181
4.41887
2.89686
2.89686
2.99239
3.49578
3.52984
3.44727
2.89686
3.47517
3.91516
2.99239
4.14566
3.41483
4.5144
3.85467
3.98442
3.81925
2.99239
4.20402
4.17924
4.17924
4.23838
3.4982
3.74356
4.03966
3.4141
4.11608
3.4141
5.65758
5.43432
5.97902
3.40219
4.3573
4.26666
4.91304
2.8202
4.79092
5.36653
5.38246
5.29616
5.61625
4.60188
4.47526
5.30744
3.95928
4.79224
4.51673
5.74838
4.59794
5.1788
4.2357
4.7618
3.79978
4.78541
4.37809
2.97335
4.41293
2.43691
4.86137
7.02717
5.73452
5.59732
6.26607
6.57593
5.09333
5.90351
6.42453
5.25179
5.67116
4.39598
5.23552
5.50959
5.1704
4.74848
4.64061
4.3921
4.03535
3.65252
4.26974
5.15294
4.77115
4.31415
5.1594
6.35358
5.05213
5.32337
4.03535
5.21059
5.10329
3.94548
4.94474
4.38477
4.03535
5.29333
3.57498
5.89899
4.11317
4.28103
5.97021
4.31281
5.98232
6.1868
4.42183
5.64544
7.0383
5.30942
4.34302
7.05995
5.0206
7.14328
3.69639
5.08942
4.66349
4.52371
3.69639
6.8064
4.74255
6.5846
5.82444
3.69639
4.69503
4.77445
4.19197
4.91162
5.87734
3.80871
6.14856
3.40159
4.00362
3.54677
2.67482
5.1594
5.15294
5.8996
4.91949
3.60872
4.01584
4.72779
4.50687
3.10553
5.59604
3.59589
4.76927
3.55038
3.80302
4.98357
5.4711
4.76927
4.13328
4.07821
4.73381
4.19197
5.99361
4.11317
5.53965
5.15625
6.11273
4.69293
4.16713
4.27702
4.11528
5.55405
3.47536
5.77585
5.57959
4.79389
4.83717
3.7439
5.95004
4.51325
5.93603
4.78361
6.5702
4.90387
6.00775
5.42973
4.84839
4.78077
4.87601
4.47379
4.7696
3.99229
4.51325
4.74142
5.1792
5.57544
5.33965
4.96611
5.08366
4.15272
4.4354
4.9924
5.10418
3.75383
5.1792
4.06957
4.35341
4.73897
4.21018
4.54903
4.10363
3.57498
4.86969
5.53965
6.24129
4.10363
6.30337
3.90933
3.90518
4.41767
3.91942
3.71087
3.9126
4.52371
4.39538
5.21074
5.23703
5.1946
4.32309
3.58112
3.52049
4.96174
4.05599
3.17801
3.60872
3.58513
2.67482
3.10553
4.01584
4.16405
3.54677
3.85509
3.80302
3.6505
3.55038
6.14856
4.98357
3.76114
4.07821
6.03549
2.8107
4.82882
4.0223
4.25116
5.6025
4.29226
3.50819
6.15502
3.61125
3.61518
5.11946
3.42535
4.21409
5.64069
3.11199
3.57819
3.72101
3.68266
3.31389
3.71408
4.29387
4.07122
4.0014
3.51431
4.21409
3.48418
6.03549
5.32442
5.70672
4.53406
4.29226
3.72101
3.68626
4.0223
3.61518
4.56561
5.85373
5.18
3.68266
5.6025
3.11199
3.51431
3.40716
2.90844
3.31389
3.65404
5.42075
3.52366
4.82882
5.76957
4.419
5.8117
2.8107
3.68751
3.06548
3.50819
4.29387
4.96611
4.40288
6.3701
3.56626
5.54581
5.66863
5.3537
3.91942
3.04485
3.36362
4.98708
3.57435
3.95629
4.13529
4.65295
3.78515
4.13529
4.13529
4.13529
3.57498
4.69293
3.34492
4.19197
4.11317
3.76124
4.27702
3.09096
5.05221
5.78581
3.97932
6.0429
5.15498
3.12683
5.59471
4.92967
4.92314
6.0429
4.96461
4.74755
4.97099
5.56113
4.74142
6.08031
4.51135
5.98237
5.28205
5.13339
4.92314
4.50687
4.2752
4.17338
4.0806
4.09744
3.43154
4.42183
5.20724
4.34302
4.75363
4.26267
4.67583
4.44512
4.28895
4.44606
4.4991
4.97312
4.55017
4.54405
4.89555
4.03923
5.22739
4.26267
5.96167
4.61738
4.26369
2.92296
4.69429
4.60239
6.41026
6.17644
4.68112
5.35458
4.90498
5.612
5.1172
4.4881
5.44592
3.22685
5.38216
6.23696
4.17338
5.34904
5.25309
3.90525
6.23696
5.78878
5.1473
5.75519
5.29456
5.25839
4.31281
4.59249
4.5752
4.5752
5.08358
4.60515
4.53373
4.77507
5.2255
4.94733
4.84234
4.82905
4.36918
4.874
4.59262
4.6189
5.30307
4.59262
4.73561
3.96696
5.54864
5.63998
4.61938
3.80455
3.52049
3.73512
3.34492
4.87518
4.87729
3.97932
3.88654
3.09096
3.98268
3.37843
2.82616
3.26893
3.01841
3.01264
2.98872
3.11315
3.15318
4.19079
3.40716
2.79564
3.63596
3.49272
4.21669
3.19801
4.34128
3.09096
3.19801
3.39895
3.57819
5.51547
3.19801
2.88297
3.86939
4.55729
3.86994
2.79564
3.44587
3.66561
3.72143
2.83064
3.19801
4.60797
2.99035
3.71408
2.46747
4.24977
3.27522
3.35038
3.08102
4.59806
2.33116
3.55038
3.49292
3.13202
5.00342
3.88654
4.75526
5.15498
4.48278
3.94044
3.4808
3.717
4.19197
4.10284
4.11317
3.71087
3.88654
4.27702
4.28733
4.83835
3.81234
3.22685
4.64405
5.046
4.83835
5.52534
4.97099
4.81956
4.94907
4.15717
4.59613
5.12799
4.83835
4.97099
4.95604
5.16947
5.55893
4.74142
4.51135
4.55168
4.97099
4.81956
5.06471
5.05297
4.96181
5.30303
4.95604
4.57461
4.59042
4.95604
5.12799
5.98237
4.35856
4.49256
5.046
4.82257
5.26013
4.90155
4.64405
4.87405
4.83835
6.18041
4.90155
4.87405
5.05297
4.88735
4.51135
5.12799
4.74755
4.51009
4.64405
4.79807
4.95604
4.94907
4.51135
4.982
6.00711
4.87405
4.59613
4.74142
4.12348
4.74755
4.62612
5.41793
4.97099
4.51135
5.15231
4.70114
3.32613
5.02324
4.31705
4.96181
4.64405
4.90155
4.95604
3.77361
4.65061
4.83835
4.87405
4.70252
3.94353
6.00711
4.23915
5.05297
4.90155
3.98943
4.94907
4.81956
4.65061
4.83554
4.68552
5.046
3.77947
5.15498
4.19503
3.78961
3.73512
4.22784
3.57498
4.94109
4.54521
3.58112
4.36277
3.51909
3.15061
4.38904
3.53608
3.78961
3.67192
3.65313
3.48418
3.65613
3.42969
3.78264
3.73512
3.79538
3.47761
3.88654
4.88951
3.65313
4.1366
3.63164
3.67192
3.47761
4.59919
3.80455
3.88654
3.47761
5.07322
3.96156
3.87957
4.71747
3.5347
3.67192
3.38525
3.78264
3.67192
3.65313
3.34492
3.56194
3.78961
3.37843
3.79538
3.78961
4.61248
3.80455
4.64415
3.87957
3.96156
3.70762
3.70762
3.87957
3.88654
3.96156
4.99564
3.67192
3.34492
3.42969
4.41109
3.80455
3.45969
3.73512
3.34492
3.70762
3.42398
3.58112
3.65313
3.57498
3.73512
4.13933
3.80455
4.36277
3.78264
3.47761
3.78961
3.48418
3.70762
3.40818
3.96156
5.35458
3.91498
5.44592
4.68112
3.94083
4.93524
4.4453
3.73015
3.77952
4.49794
4.27702
4.53942
4.53942
5.42309
5.34904
3.72091
3.74676
4.69982
4.0806
3.76881
3.53608
3.86939
4.4814
4.00641
4.55263
3.94353
4.43322
5.17606
5.4542
4.31754
4.70415
4.97739
3.96767
4.1835
4.35123
4.2752
4.37147
4.09744
3.43154
4.75363
3.78112
4.23915
3.90933
3.92288
3.88005
4.48747
4.17968
3.90933
3.92288
3.43438
4.37381
3.90933
3.50513
3.65252
3.53766
3.65252
3.95611
4.35856
3.90933
3.92288
3.69944
3.68575
4.17968
3.81234
3.92288
3.90933
3.92288
4.13529
3.90933
3.9227
3.90933
4.37381
4.14899
4.33519
4.982
4.13529
3.9227
4.13529
4.17968
5.29592
4.69513
3.90933
3.92288
3.50513
3.9227
4.17968
4.17968
4.33519
3.53766
4.17968
3.78112
4.17968
3.65252
3.9227
3.90933
4.17968
3.44264
3.69944
3.76124
4.117
4.17968
3.90933
4.10363
3.68575
3.50513
4.10363
3.92288
3.65252
4.12348
3.53766
4.51009
4.17968
4.17968
3.86017
3.68575
3.92288
3.98943
4.15717
3.90968
3.92288
4.14899
3.90933
4.17968
4.17968
3.90933
4.48747
3.9227
3.77361
3.95611
3.76124
4.50375
4.79942
4.85365
4.17968
4.44637
3.88407
5.63114
5.79732
3.65252
4.92808
4.00288
5.15809
4.96611
4.77117
4.13529
4.13529
4.13529
4.79927
4.13529
4.13529
4.13529
4.82963
3.78515
4.89687
4.33519
4.06959
4.33519
4.44637
4.33519
4.33519
4.33519
4.33519
4.33519
4.33519
4.33519
4.02043
3.23562
4.10363
4.12752
4.169
3.86017
4.48747
4.16012
3.90933
4.14899
4.10363
3.86017
3.86017
4.37381
3.86017
3.92541
4.17968
3.86017
3.90933
3.72091
3.95611
3.90933
4.3921
3.92541
4.48747
3.76881
3.74676
4.13529
3.53608
4.48747
3.90933
4.11937
4.2961
4.48747
4.48747
4.92789
5.19076
3.88654
4.17968
4.12752
4.00303
4.28733
4.36031
4.48747
3.80455
3.74676
3.53608
3.90469
4.60553
3.72091
3.88654
4.37547
4.28733
4.14899
4.17968
3.90933
3.82589
4.16887
4.16012
5.00342
5.15498
4.15717
5.26013
4.35856
4.51009
4.982
3.77361
4.23915
4.12348
3.98943
3.81234
4.62978
5.72155
3.78902
3.62007
3.4808
3.8078
3.92549
3.78902
3.4808
3.4808
3.6135
3.62007
4.09744
3.78902
4.13892
4.01545
3.56558
3.67197
7.0725
3.94044
3.93126
3.54406
4.02243
3.94044
3.79202
3.71087
3.871
3.92549
3.76752
3.8078
3.871
3.94044
3.65497
3.4808
3.55987
4.01545
3.6135
3.8078
4.27248
3.67059
3.59557
3.8435
3.871
3.6135
3.8078
6.90632
4.02243
3.91852
3.46202
4.02243
3.8435
3.717
3.93126
3.8435
3.56558
3.717
3.871
3.71087
6.24129
3.8078
3.6135
3.91852
3.8435
4.01545
4.09744
6.12883
3.94044
4.09744
3.92549
3.2865
3.78902
3.92549
3.52113
3.91852
3.92549
6.10482
3.6432
6.17205
3.90933
5.75734
4.35094
4.10363
3.52228
3.57498
3.34492
6.03014
5.09828
4.691
5.87577
5.07426
4.00365
6.04195
5.21074
5.1415
4.691
4.38795
2.6616
3.40716
2.90844
3.52366
5.17009
3.57498
4.01022
3.60827
5.10291
4.11662
4.32309
3.63775
3.06548
4.71364
3.50933
3.57498
3.98268
3.04535
2.88957
3.1899
3.81019
3.01841
3.01264
2.33116
4.34128
3.35038
3.72143
5.51547
2.99035
3.41238
3.19801
3.66561
2.79564
3.08102
2.98872
4.21669
2.83064
4.59806
3.44587
3.19801
2.82616
5.4711
4.19079
2.88297
3.19801
2.79564
4.49912
4.24977
3.27522
3.49272
4.11528
4.60797
3.44587
3.89217
4.13954
3.49292
3.55038
2.43755
2.82251
5.73756
4.77035
6.59562
5.12405
5.13417
4.5973
5.70881
4.59991
6.03057
4.33005
3.83298
4.83956
3.13941
4.93653
5.48374
5.87081
4.58745
3.35968
4.81283
4.60747
3.75216
4.69342
4.24533
4.24863
5.1281
4.81097
4.03444
5.01117
4.29764
4.25658
3.72546
3.80585
4.3
5.87564
4.41594
3.6519
2.94591
4.49951
4.82354
3.904
3.9951
3.41336
2.79424
4.75257
3.14878
3.01995
4.77829
4.45007
4.55771
5.34453
4.06569
4.43126
3.50203
3.98171
4.8596
4.39929
4.20971
3.84367
3.37798
3.64819
4.72117
3.60431
4.18199
3.4189
5.19832
4.05568
2.71732
4.07386
4.62615
3.53238
3.87047
4.6043
3.9951
3.07233
4.36352
4.20196
4.801
2.96521
3.66433
4.14337
4.03136
4.47804
4.3155
4.63244
4.62615
4.30119
4.7983
4.14995
3.43079
4.14995
4.47855
4.50506
4.50506
5.61968
3.32206
4.50506
4.21847
4.50506
6.68521
4.47855
4.43802
3.86263
4.76645
4.92269
3.47789
4.30119
3.68922
4.43708
3.89816
4.04035
4.78397
4.50506
4.14995
4.14995
4.38353
4.38353
4.50506
4.20617
4.50506
4.01481
3.99287
4.38353
4.20617
4.30119
4.06512
3.62024
4.21654
3.72546
3.82048
3.87689
4.20824
4.19654
3.34844
5.00123
4.55929
4.45287
2.9397
4.14751
3.34844
3.8966
4.39795
4.63882
5.39743
3.82048
4.8051
3.34559
4.05168
4.289
4.66535
4.41318
3.23574
4.20824
3.6106
3.23574
3.39932
3.39932
3.39932
3.6106
3.89195
3.29023
4.35148
3.23574
3.5542
3.39932
3.39932
3.98569
4.46122
3.39663
4.38802
4.3352
3.29023
3.32273
3.5542
3.6106
3.39932
3.39932
4.15384
3.39932
3.23574
3.32273
4.1525
5.02864
3.39932
4.99369
3.6106
3.6106
3.5542
3.23574
3.39932
4.47852
3.32273
3.39932
2.85089
3.6106
3.80115
5.10586
4.9151
4.32428
3.29023
3.39932
3.39932
3.6106
3.39932
3.23574
4.15384
3.6106
4.74325
3.69112
3.23574
4.53968
3.39932
3.39932
3.6106
3.29023
4.30326
3.63547
3.23574
4.11594
4.27074
3.93869
4.07122
4.47596
3.99895
4.09012
5.67055
4.17555
2.94607
2.94607
3.61193
2.94607
3.97813
4.15393
2.94607
3.30429
3.62024
3.94408
4.25444
3.47577
4.25444
5.04816
4.65137
3.66121
4.07122
4.1276
4.2926
4.11225
5.32108
3.21231
4.73663
4.60757
2.52803
4.08709
4.16066
4.38982
4.77736
5.08466
4.22902
3.66277
5.58648
5.71039
5.38004
5.09035
4.69518
3.87071
5.09035
4.87259
4.3352
3.76318
4.66472
5.14389
5.30599
6.16724
4.23217
3.82924
3.3203
3.7973
4.24752
4.61038
5.14389
5.20651
5.08466
4.70259
4.33218
4.03585
4.70259
4.70259
4.66786
5.21677
4.70259
4.28388
4.34887
4.31308
4.98466
4.86235
3.77569
4.31308
3.86503
4.79017
4.3368
4.19142
3.78792
4.01136
3.52858
3.16489
3.86303
3.59221
5.13366
4.36401
4.32996
3.5998
3.59221
3.41216
4.80787
3.42217
4.56855
4.01136
3.5942
4.87898
4.51303
4.1582
3.75216
4.84777
3.59221
4.01136
3.69933
3.8472
3.00232
3.77376
5.24942
2.98247
5.09388
2.9053
3.69303
4.55771
3.07233
3.12874
3.22376
3.59506
4.03036
3.12682
3.52773
3.12682
3.31791
3.03578
4.75429
2.54141
3.76902
4.58025
3.67079
3.21546
4.08709
4.85987
5.0461
4.81413
2.75388
4.38982
4.33561
4.41688
3.99097
4.32529
3.7748
3.89808
4.34294
4.1831
4.15307
3.20848
3.65042
4.79183
3.62024
3.77166
4.45831
5.26905
4.19072
4.77461
4.16513
4.32929
4.45287
4.63515
3.61658
4.39023
3.41512
4.2452
2.99383
3.48869
2.50924
4.24613
3.82742
2.92595
5.36702
4.76499
4.32717
5.85483
4.84759
5.04438
3.97191
6.98468
3.59658
3.85477
3.67558
3.87127
4.52221
4.32929
4.95562
4.1196
3.52806
3.78265
4.08676
3.15819
3.99755
3.80115
4.10571
3.72546
3.57291
4.53629
4.34104
4.00974
3.51444
4.04024
4.36301
5.09421
4.85588
4.78056
3.25445
4.07711
4.27969
3.09339
4.50313
5.69588
3.3011
4.01034
5.01257
4.16075
3.93982
3.99689
3.27281
3.22376
2.91597
5.01279
4.60945
3.64062
2.91597
3.88023
3.47599
3.37536
3.39663
4.70385
5.20709
4.41632
4.09829
2.91597
3.47789
3.2831
4.38379
3.47789
2.9053
4.20711
3.65679
4.11209
3.73722
4.98755
3.30894
4.69325
4.5333
4.16923
3.15726
4.41594
4.51935
4.07526
3.93317
4.05549
4.15594
2.79621
4.17074
3.87544
3.74456
4.10638
4.32645
2.66401
4.01136
3.82315
3.25284
4.47366
4.39551
3.93869
3.89816
4.10301
4.1525
2.91387
4.35383
2.50924
3.17049
4.73294
4.08373
3.89494
3.91836
4.20824
4.2948
3.46433
2.88041
4.10552
4.73704
2.56746
4.48547
4.79058
4.22972
4.40954
4.42479
5.24048
4.05568
3.48312
2.88041
3.56346
2.30813
4.30326
2.47053
3.66668
4.58596
3.87689
4.45974
4.79058
3.41156
5.4575
4.10301
4.79058
4.06088
3.80465
4.73704
3.22927
3.55604
3.84306
3.74632
3.87813
4.0682
3.98756
3.77898
4.08258
4.24497
5.01516
4.12345
2.92672
4.18821
3.05012
3.37811
3.83046
2.81585
4.06092
3.88075
4.21847
3.51496
4.60622
3.9701
3.72546
2.34457
2.88338
4.12345
4.12345
3.9701
3.94609
3.0004
5.19215
4.2346
3.94609
3.94609
4.21847
3.98756
3.98756
3.86303
4.60184
3.94609
4.36352
6.76336
3.94609
4.03697
4.04111
4.21847
4.42507
4.78696
3.94609
3.98756
4.04111
3.30894
3.94609
3.9848
4.24497
3.84915
3.81248
3.43395
4.85257
2.56373
4.61437
4.03544
3.36228
2.60228
5.72863
6.01597
3.59506
3.9951
3.57333
3.59506
3.59506
3.9951
4.00359
3.79128
3.98438
4.08595
4.36575
3.98438
3.98438
3.69008
3.39931
3.66816
4.02013
3.98438
5.52653
3.19886
4.10301
3.92906
3.16557
2.78922
2.99782
4.47726
3.82048
3.11992
4.1196
3.0022
3.37811
4.19288
3.68538
4.0105
2.55724
5.19217
3.97525
5.10586
4.70587
4.68011
5.08147
3.72546
2.6356
3.87497
3.4338
4.60815
4.20824
4.22309
4.20146
4.08399
3.96586
4.25197
3.44113
4.22252
4.19404
3.60431
4.22703
2.37661
4.19933
3.91041
3.85675
3.37162
2.71732
3.79973
2.87318
3.14735
4.30326
4.29336
3.89056
4.63603
3.17148
3.7282
2.60827
2.43333
3.7282
2.82872
2.6973
3.7282
2.43333
2.82872
3.7282
2.58948
3.7282
2.6973
3.7282
3.7282
3.7282
4.09438
3.64775
3.7282
4.86335
3.7282
3.7282
3.7282
4.20824
4.12152
4.47787
3.64775
3.57291
5.3024
4.26042
4.93285
3.33165
3.53591
4.19398
4.7303
4.52865
3.53635
4.03657
3.62024
3.9951
3.9848
5.27015
5.40441
5.69103
3.09112
4.0285
3.87497
4.45974
2.71732
4.67435
4.16859
4.79801
3.34308
4.20159
4.7617
4.58752
2.47053
3.34894
4.40741
4.04462
3.97454
3.87526
3.97454
2.88041
5.47155
3.94535
4.36652
3.83172
3.28954
4.04036
4.46093
4.85672
4.90387
2.92562
3.78466
4.08988
3.4349
4.10582
3.90925
4.05017
3.97454
4.11043
3.7559
2.47053
2.56746
2.30813
2.88041
2.88041
3.56346
3.13624
3.77764
3.86246
4.00464
4.1196
4.50059
5.44241
4.21806
3.94729
3.90463
4.21806
4.21806
3.31461
3.87071
4.35428
4.21806
3.87071
4.71508
4.70587
4.21806
4.5029
3.73422
4.60296
4.22309
4.22309
4.15181
4.51624
4.35428
3.90463
4.31308
3.87071
4.0937
4.1873
4.21046
3.71909
4.21806
3.94729
3.82924
4.07147
4.27161
4.31308
4.33742
2.51967
3.26972
4.03697
4.30739
4.43941
4.21806
4.27161
4.60296
3.50794
4.21806
4.21806
4.27161
3.58868
4.76666
4.31308
3.09339
3.77569
4.27161
3.94729
3.74228
4.27161
4.06088
3.96586
3.3203
3.3203
3.94729
3.8687
3.51884
3.94729
3.76173
3.3203
3.3203
4.03894
4.22309
4.22309
3.74242
4.0547
3.9848
4.22309
4.22309
4.31308
4.22309
3.94267
3.72546
3.62421
5.1392
4.76756
3.62421
3.94267
3.94267
3.22528
4.21806
3.3203
3.85227
3.22528
3.22528
3.22528
3.17659
3.71165
5.00222
4.93508
4.4366
4.11321
4.9421
2.8725
4.4143
4.38094
3.4441
3.13061
4.2792
3.93884
4.33186
3.34894
4.34796
4.03592
4.31176
4.02035
2.93546
4.02653
5.2891
4.61371
3.86522
3.86522
5.18815
4.77681
4.82236
3.97513
2.90794
2.49341
2.96328
4.39243
4.73704
5.18815
4.52531
4.60945
4.36301
4.87521
5.18815
4.87521
4.73704
5.18815
5.18815
3.72068
3.79098
4.39243
4.36231
4.73704
4.87521
4.52227
2.94115
4.39243
4.87521
4.87521
4.87521
4.39243
4.39243
4.87521
4.87521
4.99385
4.87521
4.87521
4.39243
4.87521
4.39243
2.94591
4.87521
2.96434
4.39243
4.87521
4.87521
4.87521
4.02664
4.39243
4.87521
4.87521
4.87521
4.87521
4.87521
4.50942
4.39243
4.87521
4.87521
4.87521
4.87521
4.39243
4.87521
4.87521
4.87521
4.87521
4.52223
4.87521
4.39243
4.87521
4.46269
4.51623
4.87521
4.55771
4.39243
4.87521
4.73704
4.12123
4.73704
4.87521
5.18815
5.18815
4.39243
4.73704
4.87521
4.73704
4.37125
5.08932
5.74433
3.2001
3.03578
3.6036
4.4416
4.85672
3.75932
4.20824
3.84617
4.48729
4.57289
3.76544
4.32645
4.51134
4.01338
2.85089
3.43838
3.65345
3.75909
4.20824
3.33758
2.95954
4.33459
3.93354
2.47053
2.91451
2.88041
4.01515
2.86002
4.39077
3.69008
3.44027
4.72079
3.79721
3.76256
4.375
5.7804
5.03255
4.93043
3.73801
4.90136
5.24351
4.52022
3.19749
3.28176
3.14587
5.7804
3.27942
3.09693
3.43885
3.92652
4.12931
3.22958
3.09693
4.86426
4.71316
4.16994
3.40411
3.09693
3.89377
3.53226
5.43535
4.02057
3.77481
3.19586
3.88855
5.18837
3.88855
3.22958
4.15144
4.59137
3.09693
3.51351
5.18169
3.36614
3.59625
4.94351
3.19586
3.40376
5.24351
2.87349
3.76521
4.38978
4.75686
3.7294
5.93884
4.44668
4.71536
4.04429
4.92927
3.1349
3.4525
4.55807
4.71277
4.48577
5.1879
4.9131
5.43569
4.15355
3.19586
3.19586
4.42045
5.20486
3.5471
2.87349
4.86973
3.23574
3.81631
3.33034
5.48366
3.66204
3.28134
4.02154
2.52206
2.9003
2.8492
4.41173
3.80821
3.7173
3.0825
4.62135
3.24084
3.52275
5.23298
3.78061
4.34034
3.10845
4.40056
4.46175
2.91134
3.34954
4.6641
3.91683
4.09135
3.48127
4.66292
2.83624
3.3148
4.13297
2.83624
2.9003
3.77301
4.76527
2.96612
2.73362
5.37845
3.42368
3.4023
3.84175
4.46543
3.11727
3.88735
4.43073
5.20751
5.8903
4.084
5.91432
3.82733
4.2105
3.96264
3.83652
3.35742
3.7116
3.16194
4.26423
4.00946
4.19854
3.80796
3.79386
5.0797
4.62
3.95017
4.56068
4.28447
3.70105
4.20066
3.97588
4.76495
3.60603
4.4255
4.27178
3.51574
4.67826
3.8803
3.30211
4.03921
5.4439
4.25383
3.2328
3.34371
3.45574
3.94966
4.63256
4.48997
3.38716
5.01225
4.88844
2.95706
4.77677
2.19078
3.39102
4.64051
3.39102
3.21722
4.25302
3.42536
3.30152
3.29023
5.14457
3.64259
3.76344
3.42864
4.89948
3.07801
5.43299
4.24778
3.04888
4.59732
2.86515
3.67253
3.74382
4.43843
4.31736
4.41444
4.31736
3.74382
4.88957
3.51054
3.87436
4.10226
3.76344
4.64424
4.88957
4.59732
4.88957
4.59732
3.08058
5.78976
4.59732
3.90435
4.08053
5.06073
4.35492
4.36055
3.19438
4.53702
5.23932
4.36055
4.31718
5.16095
3.96785
5.38709
3.28361
4.02576
2.86515
3.89374
4.39124
3.67253
4.26423
5.01096
3.64454
4.02576
4.26423
3.48555
5.30952
2.92563
4.7769
3.17535
3.45232
4.88676
5.17674
4.04107
4.12711
3.73216
4.16521
4.29568
4.32234
2.91146
4.93363
3.26124
2.98306
5.48834
3.4022
3.67185
4.03251
3.01099
3.68984
3.79367
4.02342
2.81852
3.28628
3.94044
3.60272
4.09276
4.50036
3.94509
3.5194
3.66057
3.92652
3.48981
3.66057
5.35706
3.94132
2.91146
3.26124
3.66057
5.93373
3.67253
4.76723
5.31238
4.12272
3.60461
3.23609
3.60461
3.93903
2.49319
3.23883
3.60461
3.60461
3.60461
3.60461
2.71808
4.94927
4.53527
3.60461
3.14812
3.60461
2.77042
3.60461
3.60461
3.72621
3.60461
3.60461
3.60461
3.72621
3.64259
3.60461
3.60461
3.60461
3.12819
3.55027
3.60461
4.32226
3.14812
4.02686
5.00239
3.60461
3.60461
2.86544
3.93566
3.74796
3.13223
4.93425
4.42434
3.69008
3.53317
3.16707
3.87382
5.50401
3.79986
4.24725
4.07418
5.61493
3.06022
4.51974
3.55753
4.57107
3.36257
4.48108
3.55956
4.16391
4.236
2.99163
3.4374
3.37162
3.76325
3.15759
4.71133
2.77042
4.07149
4.47799
3.01214
3.70219
3.92363
4.07418
4.00818
4.23159
2.88226
3.96163
5.48147
3.26793
3.18356
3.28333
2.9003
3.05091
3.18356
3.05091
4.48532
4.75405
3.46664
3.18356
3.18356
3.18356
3.18356
3.05091
3.18356
3.18356
2.82747
4.02576
3.37162
3.05091
3.05091
3.18356
3.18356
3.18356
2.82747
3.18356
3.18356
2.73245
3.18356
3.05091
3.18356
3.18356
3.77285
3.05091
3.18356
2.82747
3.18356
3.18356
3.18356
2.73245
3.18356
4.03634
3.18356
3.18356
3.18356
3.18356
2.82747
3.05091
3.46827
4.10902
2.9632
4.03215
3.43744
3.43687
3.98498
2.62016
3.43379
3.63893
3.95017
3.92914
4.20427
3.35608
3.42846
3.88964
4.78178
5.06127
4.72195
3.93176
4.98637
5.08429
3.45923
5.35716
1.64687
3.71705
4.70136
3.39081
3.50993
4.18089
3.75638
3.72257
2.87741
5.13069
3.09609
4.84622
3.72257
3.19147
4.27479
4.34391
3.3451
2.81043
3.73249
3.25452
3.63893
3.22153
3.87544
4.86863
3.5557
3.0074
2.86995
3.4003
3.96105
4.48213
4.52384
3.35898
5.27277
3.66204
3.33034
3.82648
3.73991
5.75469
3.38716
3.98775
4.1962
3.54211
3.88996
3.47936
4.12106
3.32608
4.78754
3.17249
2.8722
3.00133
3.26004
3.29251
4.2158
3.36287
2.19368
4.72691
5.14021
3.69404
5.01253
4.08857
4.06396
4.45345
3.99748
4.3709
2.8171
4.45271
3.73045
3.21947
4.74973
3.34763
3.4507
3.19611
3.98517
3.10726
2.85882
5.26998
3.79139
3.33034
3.7741
3.70066
3.77024
3.85949
2.36316
3.53999
3.88221
3.36264
3.63893
3.75139
3.64657
3.39943
4.03599
2.87349
5.9083
3.85918
3.7109
3.60603
3.03619
3.1017
4.1962
2.85264
3.25452
3.0366
3.49724
3.88964
4.26042
4.52858
3.95902
4.37601
2.77042
3.94642
3.66159
3.06523
4.20065
3.31945
4.39823
3.23574
3.52496
4.43535
3.36755
3.26364
4.34862
3.07747
4.75203
3.22958
3.22958
3.60313
3.9574
3.41775
3.6552
3.72447
3.1003
3.61436
3.46993
3.23487
3.92028
2.6973
3.98321
3.73698
3.85844
3.15492
3.80369
4.42148
3.22074
3.22074
4.14643
3.36755
2.93745
4.10048
3.65149
3.14299
3.71087
2.88415
3.82383
3.78096
4.61074
3.5392
3.24994
4.44025
3.15492
4.08728
3.66229
3.46732
3.03101
3.5392
4.40623
3.74132
3.22074
3.36755
3.22074
5.55416
3.24994
3.24024
5.22452
3.92449
3.2848
3.39095
3.88449
4.18281
3.97525
3.15492
3.65086
3.2848
3.9678
3.18371
6.16115
3.23113
2.78867
3.10125
3.53869
3.10125
2.95365
2.99513
3.00177
3.41971
3.71401
3.32606
4.981
3.76213
3.65567
3.19627
3.14329
4.12646
5.63807
2.65889
4.16364
3.24994
2.86525
3.10125
3.12041
4.58908
2.72122
4.46573
3.41971
2.9481
4.26102
3.10125
2.78867
3.53862
4.47103
4.27248
4.48952
2.87152
3.79061
4.02553
3.10125
4.23926
2.86535
3.09679
3.94458
3.45593
3.43337
3.20627
3.23113
5.01433
3.10125
3.5365
3.10125
2.60963
3.64843
3.24344
4.129
3.22153
3.19627
3.31389
2.87152
2.86544
3.37894
3.24344
3.15176
2.87478
3.86838
3.82447
4.08002
3.1017
3.56499
4.33406
4.59039
4.42518
4.59102
3.37081
4.59039
5.72144
4.94933
4.81421
4.95715
3.61446
3.61446
3.67165
3.28735
3.61446
3.61446
4.84768
3.40445
3.38317
4.78912
4.11353
3.22783
4.08392
4.68635
3.47338
4.47257
3.76767
3.76767
3.47338
3.2971
4.1401
3.24994
3.47338
3.76767
3.36755
3.36755
4.02146
4.02146
3.61146
3.24994
3.48863
3.13638
3.30595
3.33983
3.54953
4.36055
3.76344
3.23574
4.36055
5.51787
4.88121
4.76847
4.07027
3.63105
3.44358
3.37298
3.37636
3.1031
4.45619
4.34331
4.48054
3.49398
3.42165
4.14985
3.06714
4.41894
2.98306
3.23574
3.58488
4.45608
4.07978
3.35742
3.14329
3.23487
4.21391
4.25302
3.39658
3.99374
3.24474
4.07978
3.63585
4.02898
4.03705
3.23574
3.5542
3.63585
4.17176
3.73289
4.0521
3.45892
3.75022
3.42585
3.84181
3.84181
3.41432
3.86543
3.6552
3.83171
3.41432
3.59285
3.58604
3.54457
3.41432
3.53838
3.74679
3.49446
3.41432
3.86543
3.60603
3.84181
3.74679
3.58604
4.24183
4.05973
4.57686
3.89709
3.2848
3.93299
4.56098
3.32608
3.40014
4.21732
4.36401
4.19482
3.5598
3.0366
4.70545
3.23094
3.4763
3.54518
4.57051
4.77677
3.21884
3.95154
3.0968
4.16369
4.85044
3.31389
3.65679
4.03557
2.77042
4.65717
3.24575
3.51909
4.13266
2.95735
4.12272
3.61998
2.9296
4.2823
4.36211
4.60848
4.99168
4.4176
4.08513
3.23094
3.95747
3.73773
3.67253
5.10839
4.65727
4.76847
4.90038
4.34331
4.66293
3.42193
5.2525
5.21005
3.67253
3.67253
3.29415
3.3588
3.63105
3.5945
4.24778
4.46041
4.19151
4.11004
3.28399
3.102
3.43963
3.68772
3.14985
2.98306
3.54119
2.66913
3.67558
3.55098
3.73801
3.63841
4.01086
4.1962
3.52305
3.67185
3.4811
3.81733
4.96697
3.49398
2.90631
3.22074
3.1368
4.14788
3.13121
3.53634
3.66838
3.29336
3.34423
3.4811
3.56657
4.1752
3.91471
4.27497
3.07747
3.51906
3.37894
2.62016
3.03619
2.90631
3.88996
4.60718
3.00133
3.09221
3.34954
3.17249
3.77285
3.49999
3.35954
5.80958
3.86994
4.34386
4.02553
3.14773
4.29784
3.41636
2.39438
3.5542
2.9003
3.93222
3.94413
3.73245
4.08254
3.01057
3.13827
4.44373
3.08405
3.77013
3.25658
2.95633
3.74684
3.5542
3.33337
4.07945
4.05367
3.73245
4.58227
4.34343
3.69934
3.90905
4.3727
3.13121
4.07453
4.66169
5.02742
3.75371
3.35742
3.03619
3.03619
3.19443
3.77096
4.32838
2.88942
2.88229
3.37612
3.92316
2.96318
3.85737
3.83894
3.62024
3.31655
3.63731
5.49938
3.73198
5.09046
3.65313
2.08819
3.96874
3.29308
4.4885
3.28649
4.03047
4.3268
4.07769
2.81488
2.77042
3.63669
3.71525
3.13516
4.73121
3.07764
3.15093
4.39141
4.17224
3.79139
3.81867
3.81397
4.07387
3.52903
4.04382
3.30156
4.90038
2.92925
3.0903
2.91104
3.63585
3.42809
3.73219
3.03619
4.12579
4.47588
3.51832
2.60621
2.91338
3.35742
3.86192
6.19065
3.33441
4.6984
4.6984
4.6984
4.4956
4.01691
4.6984
6.51904
5.28178
5.14471
3.83408
4.90459
3.96693
4.65552
4.98253
4.70019
3.65074
5.21176
3.98035
3.81653
5.48142
3.22341
5.22582
3.83705
3.40649
5.27372
6.87378
4.30735
5.19331
7.59577
2.98757
6.59437
3.3825
5.32432
6.24232
4.47379
4.25928
5.06982
4.92709
3.12564
6.219
7.05776
3.86337
6.30094
5.10192
4.34726
5.92835
5.84108
5.22975
6.25138
5.41772
2.59964
2.66634
4.03763
3.8177
4.02168
5.57761
3.87956
5.70018
3.57167
3.00862
3.32703
5.86384
4.81684
4.32146
3.88391
3.59242
2.81502
3.00862
3.00636
3.72127
4.40354
3.693
3.29808
2.95456
3.03671
3.75496
5.24415
2.90083
3.29808
3.693
5.30028
3.33756
5.30028
3.29808
3.29808
4.03509
3.63791
3.29808
4.63119
3.693
3.83694
3.83694
3.53152
3.7612
2.82468
3.29808
5.35786
4.33707
3.81296
5.04789
3.39288
4.56133
3.28806
4.04255
3.39288
3.96947
3.33839
5.63018
3.39288
3.62454
3.73331
4.22907
3.57454
3.73331
3.62454
3.33839
3.39288
3.39288
4.40577
4.10573
6.25955
3.33839
3.33839
3.69568
6.57324
3.46408
5.60183
4.65552
3.20588
3.08526
2.32954
2.52803
3.87404
3.97645
3.6186
6.63239
3.05111
5.26799
4.04092
4.37182
3.61455
2.89119
4.08285
6.26541
4.20713
4.56578
4.38528
4.63667
5.77993
4.16107
4.17075
4.8179
4.75909
3.33063
8.46434
4.14647
4.69961
4.4956
4.31461
4.2428
4.38214
3.45954
4.51731
3.41174
2.59964
3.84168
3.45954
4.57643
4.18074
4.4956
4.18074
3.81904
6.07357
4.18074
6.35744
4.09802
3.47126
4.75909
3.61764
3.61764
6.35744
3.65912
4.19137
5.08841
5.09744
5.41053
3.49424
4.73403
5.315
6.01124
5.35786
5.00592
5.04776
5.87113
4.11023
3.64356
3.69568
5.02954
4.37211
3.31228
4.1765
3.65912
4.18986
3.05368
3.14952
3.03833
3.86286
3.72721
5.3984
3.42863
3.73602
4.716
5.56467
3.8556
4.01691
4.80128
4.94672
5.64622
3.66743
5.34576
4.31172
3.65912
4.18986
3.64282
4.25071
3.9072
3.65912
3.40957
5.64622
3.4169
4.6056
3.91887
3.98612
5.43655
3.33076
3.03075
4.07357
3.81653
2.5912
4.7023
2.65912
3.6112
3.40649
3.53637
3.40649
5.43075
3.40649
3.40649
3.40649
3.40649
3.40649
3.54848
3.40649
3.34301
3.20308
3.85471
4.54233
3.64819
2.71784
3.81653
5.79824
4.47721
5.06159
3.25698
3.81904
3.86192
5.64069
3.37898
2.41896
4.13109
5.54202
3.81653
4.55331
3.57821
5.06664
3.5389
3.86052
3.86052
3.41174
5.04045
3.81904
3.81653
4.21397
3.65912
6.91569
5.1712
3.12658
3.65912
3.25622
3.35732
5.10814
4.49776
3.46164
4.27184
3.44573
4.4681
5.55079
5.44124
6.25138
4.59126
3.19473
4.69714
5.87837
3.91154
5.59266
4.12867
4.84693
6.11874
5.26186
5.08665
3.4802
5.77943
4.88263
4.61966
6.47496
2.86914
5.83213
6.47394
5.48182
5.79272
3.61455
5.00099
4.83854
5.84903
5.33976
6.26427
4.59201
6.2318
5.11132
3.52168
5.64763
3.73677
3.60107
3.34216
5.28265
4.13776
3.4169
3.97429
4.11023
4.22803
5.34407
4.18986
4.19547
4.01933
3.4507
3.17091
6.36602
3.78566
4.80256
3.37519
2.42412
4.81684
3.6372
4.45459
4.09514
4.22698
3.4802
5.97321
3.71063
3.65912
3.97687
5.64622
3.86052
3.75235
5.63307
4.46136
4.3526
6.41022
4.56311
2.75862
5.83986
5.07656
4.77061
4.26282
3.98035
3.64989
5.50057
4.81763
5.64622
2.3909
3.66416
3.99116
3.9441
3.94051
3.66416
3.66416
3.66416
3.60734
4.1934
5.20828
4.26307
5.0339
4.63886
4.49209
4.57408
3.7566
4.12903
4.63886
3.78534
2.66035
6.29905
3.8556
4.19503
3.57799
5.64622
4.48503
4.06811
2.33335
5.37473
2.33335
2.46923
3.17559
2.86773
2.81973
2.79623
3.03584
3.78597
3.97645
4.01933
4.4681
3.88391
3.55691
3.4169
4.41425
4.97528
4.21995
2.75985
4.17075
4.98253
3.98179
4.05405
3.45104
4.01933
3.86368
4.57974
3.25405
3.46202
4.15617
3.98612
2.90083
2.41896
2.90083
2.90083
3.00862
2.90083
2.90083
2.90083
4.56337
3.29808
4.05474
2.59964
2.59964
2.90083
4.41195
2.90083
5.41366
2.90083
2.90083
2.90083
2.90083
3.57746
2.90083
2.59964
2.7544
2.90083
2.90083
2.90083
3.96722
3.30981
2.90083
3.26548
2.90083
3.22663
2.90083
4.14335
4.36514
2.90083
3.38583
3.29575
2.90083
2.90083
2.90083
3.64575
2.90083
3.42922
4.6771
2.7032
2.90083
3.41992
3.43818
3.73298
3.14933
3.65269
3.29808
4.75695
2.97684
2.90083
4.72488
4.01691
2.90083
4.4259
3.99368
2.90083
2.90083
3.14848
4.16732
2.90083
2.59964
3.30172
2.97684
3.29808
2.90083
4.75313
2.25602
4.2493
3.01417
2.99456
4.00065
4.11942
5.64622
3.80021
3.25868
4.24916
3.85447
3.29575
2.90083
4.40213
2.97684
2.59964
3.03671
2.59964
2.90083
4.94603
3.68628
4.12028
4.12028
4.12028
4.12028
4.12028
4.20226
4.12028
4.12028
3.68628
3.45284
3.39367
4.12028
4.12028
4.12028
4.12028
2.90083
3.59242
4.12028
4.12028
4.12028
4.12028
4.12028
3.90972
4.12028
4.12028
2.75112
4.12028
4.12028
3.66743
3.68628
3.84777
4.12028
4.12028
3.90972
4.12028
4.55859
4.12028
4.12028
4.12028
3.68628
2.90083
3.45284
2.90083
3.45104
3.68628
3.90972
3.68628
5.64681
2.92664
2.90083
3.86183
2.92664
3.58272
4.11348
3.53152
3.33756
2.90083
4.11348
4.80824
3.43258
4.18209
3.75496
2.90083
4.11348
4.72853
3.53152
2.85462
2.90083
4.18209
4.33949
3.69568
3.75496
2.90083
2.42412
2.92664
2.90083
2.67465
4.09876
2.90083
5.02328
2.90083
3.29575
3.69568
3.41992
3.68226
2.90083
2.7032
3.03179
2.467
4.08775
3.4457
2.97684
2.90083
4.6788
3.98035
3.98035
4.20948
4.64901
5.61581
3.93698
4.46603
4.6536
4.09812
4.6536
5.29762
3.89891
4.6536
5.38788
3.86052
4.09812
4.32829
5.24463
4.87514
4.32156
3.81904
4.81484
4.6536
3.84127
4.40354
4.81484
2.90083
2.84972
5.29762
4.81484
5.54912
4.40354
3.99919
3.65912
4.20451
4.09812
4.81484
4.30428
4.81484
4.55807
4.80434
4.09812
4.37605
3.90417
3.65912
4.88632
4.30428
4.81484
4.37605
4.81484
4.01691
3.57167
3.41174
4.32156
2.93537
3.35794
2.84972
4.40722
5.26698
4.01691
5.07818
4.43061
4.0859
3.52732
4.95825
5.12361
5.00191
5.64622
3.62391
4.33992
4.47379
4.47379
5.88811
5.55111
5.47296
4.63201
4.24954
4.60618
5.39794
5.36628
3.45443
3.99456
5.25777
4.63201
5.55918
3.99456
5.24552
5.3046
4.00197
5.55918
5.11479
4.87788
5.55918
4.974
4.86046
4.19445
4.78398
3.66436
4.87731
5.56259
4.46617
4.0497
4.14361
5.33155
4.70236
3.69644
4.52648
4.70199
5.42077
5.14336
3.66436
4.89667
6.37843
4.47077
4.37524
4.8467
5.35647
4.63201
5.29135
5.10951
4.78136
5.164
4.86165
3.94515
3.91247
3.85831
5.2653
4.63201
4.69942
4.74124
4.78343
4.99279
3.66436
4.37005
5.46706
5.45707
4.47077
5.65005
4.29175
3.66436
4.22875
4.49352
3.83961
4.87788
5.45603
5.55818
4.46068
5.10951
5.06208
3.85054
5.58574
3.66436
5.51771
5.51771
3.85777
5.75139
5.75139
4.05653
4.42702
4.73868
4.74124
4.89266
5.83025
4.53103
5.49458
4.47077
3.77983
5.78846
4.47077
3.90232
4.66912
3.86911
4.72531
4.53631
6.12195
3.66436
4.45267
4.34659
3.57703
3.83049
5.63297
4.04385
2.96938
2.82311
2.88701
4.31069
4.04142
3.80778
2.82311
4.34492
4.42831
4.57153
4.16957
5.64622
3.33019
5.5136
2.75569
4.26972
4.34474
5.99839
4.63295
5.98805
3.82895
5.64622
3.49597
3.31997
3.15061
6.75222
3.64764
2.41679
2.2727
2.99069
3.54554
4.40354
4.09812
4.03111
4.40354
3.7101
2.94922
3.15061
2.96219
3.15061
6.68065
3.15061
2.22272
3.15061
3.81165
3.64298
3.23525
4.24963
3.46307
4.02721
4.72853
4.09222
4.09222
4.62774
3.37519
4.37182
4.37182
4.00269
4.1533
3.16711
3.5931
4.71409
3.88327
6.10645
6.02852
3.9659
5.64622
5.84421
7.40428
3.81904
3.49597
7.15031
3.4169
3.82589
3.2155
3.82589
4.18986
4.21397
5.49066
3.64764
3.72211
3.66153
4.14679
4.01257
3.2155
3.61764
5.15804
3.72211
4.96127
4.22803
3.99046
4.13109
3.25698
2.75658
3.58999
3.18074
3.96642
3.7439
3.66153
4.01257
4.22262
3.25698
3.89811
3.72211
3.82589
3.57167
3.61043
5.85903
3.72211
3.81904
3.61043
3.4169
3.25698
5.66539
3.82589
3.81904
3.25698
3.41174
3.41174
5.26698
3.4169
3.81904
5.64622
3.2155
3.66597
4.47298
3.72211
4.30419
3.31997
3.72211
3.4169
5.13788
5.04565
4.27184
3.81904
4.6447
3.34216
3.64764
3.4169
3.4169
3.83375
3.96415
4.07027
3.4854
3.63715
3.34665
3.44781
2.04445
3.65912
2.95245
3.41174
5.42444
3.17964
4.24604
4.56363
4.19174
3.51909
3.80981
3.32613
3.16711
5.7206
7.0765
2.99069
5.95972
4.73647
3.74206
4.24989
3.12658
3.13508
2.99069
4.32156
5.64622
4.49775
3.0179
2.2642
3.96117
5.44108
4.03776
4.5239
6.16396
5.30226
3.45325
3.52206
4.00804
4.96551
4.12341
4.05588
